0,0.042404,0.54489,0.060463,0.63628,0.62788,0.63975,0.41954,0.08248,0.60406,0.64069,0.61225,0.64152,0.41813,0.35972,0.41282,0.64982,0.63809,0.39155,0.62784,0.66845,0.62754,0.059551,0.62229,0.5865,0.014602,0.60991,0.38152,0.63782,0.65013,0.61131,0.67989,0.62924,0.43478,0.59942,0.59621,0.60258,0.33561,0.46519,0.65156,0.45034,0.63392,0.62527,0.62407,0.61204,0.59897,0.20486,0.63766,0.42345,0.61583,0.52246,0.44367,0.36294,0.62596,0.62677,0.66284,0.64578,0.12193,0.07031,0.62178,0.59787,0.46083,0.63901,0.37058,0.16721,0.62041,0.62932,0.63953,0.304,0.63219,0.32421,0.039596,0.6513,0.63556,0.58078,0.62382,0.64973,0.033191,0.65388,0.44087,0.060616,0.64097,0.62501,0.36088,0.46799,0.63946,0.055226,0.64379,0.197,0.61345,0.6218,0.023455,0.22842,0.065532,0.56267,0.61485,0.63471,0.4104,0.4034,0.1499,0.35817,0.43432,0.033208,0.031477,0.029887,0.61275,0.6315,0.63567,0.15946,0.64296,0.024989,0.033055,0.62752,0.64546,0.04854,0.37464,0.60964,0.63086,0.61643,0.32768,0.61797,0.62519,0.63212,0.64461,0.61864,0.46846,0.028327,0.035185,0.63936,0.63648,0.50119,0.65336,0.66252,0.63163,0.63155,0.63626,0.63793,0.62224,0.59929,0.043139,0.39217,0.46946,0.45727,0.62879,0.64497,0.15056,0.59019,0.60676,0.63316,0.64433,0.62005,0.64621,0.59699,0.64542,0.64692,0.63146,0.65502,0.63615,0.64256,0.63373,0.64124,0.59835,0.61292,0.59744,0.63782,0.63567,0.65439,0.64602,0.62834,0.64003,0.64774,0.6349,0.026611,0.02245,0.019067,0.032303,0.63421,0.5977,0.64103,0.43543,0.36904,0.46434,0.45226,0.4351,0.46237,0.36515,0.34681,0.63721,0.62148,0.63755,0.63613,0.63661,0.14821,0.62814,0.4473,0.63315,0.45817,0.43138,0.012169,0.64409,0.31108,0.45991,0.62591,0.40002,0.64613,0.6624,0.074032,0.66392,0.075173,0.65696,0.65415,0.028554,0.62843,0.5516,0.6887,0.55927,0.14925,0.67116,0.60809,0.5944,0.61112,0.080561,0.60681,0.61185,0.61507,0.40633,0.61675,0.63551
0.042404,0,0.53452,0.025652,0.62695,0.61879,0.66253,0.45032,0.1094,0.62706,0.66377,0.63572,0.63158,0.43649,0.39596,0.4436,0.63955,0.66135,0.4153,0.65038,0.65793,0.65075,0.066543,0.64564,0.60939,0.030661,0.60141,0.4109,0.62793,0.64027,0.63484,0.67012,0.65246,0.46393,0.62074,0.62131,0.59285,0.36206,0.49441,0.64172,0.48016,0.623,0.61458,0.64639,0.60253,0.58887,0.2323,0.62934,0.45244,0.60854,0.54896,0.47222,0.39925,0.61662,0.65003,0.65284,0.63744,0.14984,0.071639,0.64401,0.58701,0.4858,0.66177,0.40707,0.20431,0.64286,0.61983,0.66265,0.33258,0.65534,0.34854,0.074951,0.64235,0.65801,0.56932,0.64737,0.64043,0.014359,0.64417,0.46514,0.072821,0.66434,0.648,0.39714,0.49296,0.66258,0.078886,0.63425,0.2353,0.60406,0.64421,0.032564,0.26108,0.052843,0.55184,0.63744,0.65786,0.43847,0.43398,0.18447,0.39411,0.45434,0.070544,0.068885,0.013784,0.60306,0.65395,0.65824,0.19573,0.66525,0.03344,0.019066,0.61803,0.63475,0.042419,0.41014,0.5991,0.654,0.63968,0.36253,0.64086,0.6158,0.65484,0.63501,0.64347,0.49487,0.034749,0.0092538,0.66248,0.65899,0.52685,0.64365,0.68453,0.62158,0.65489,0.65942,0.6612,0.61275,0.59153,0.084252,0.42175,0.49465,0.4874,0.6502,0.63512,0.18677,0.61204,0.59664,0.6231,0.63387,0.61015,0.63589,0.58748,0.63519,0.63668,0.62257,0.64552,0.62578,0.63239,0.62442,0.63165,0.58872,0.60253,0.58671,0.6283,0.62582,0.64481,0.63581,0.61869,0.6305,0.63812,0.6248,0.028129,0.062733,0.059092,0.03774,0.65651,0.62175,0.66336,0.45961,0.39661,0.4868,0.47711,0.46485,0.48946,0.38795,0.37676,0.66034,0.64442,0.66147,0.65959,0.65985,0.18474,0.6508,0.47709,0.65624,0.48699,0.4522,0.044155,0.66756,0.33536,0.48396,0.6164,0.42447,0.66792,0.68469,0.065982,0.68595,0.087026,0.67884,0.67687,0.044375,0.65057,0.58002,0.71075,0.5454,0.14032,0.69635,0.59543,0.58086,0.63427,0.12043,0.59875,0.60306,0.63757,0.43713,0.63902,0.62686
0.54489,0.53452,0,0.51665,0.12559,0.1205,0.88831,0.50834,0.56283,0.8645,0.88614,0.87197,0.13244,0.35928,0.63292,0.50761,0.14136,0.8879,0.43338,0.87843,0.16884,0.87948,0.59186,0.8728,0.83743,0.53464,0.1031,0.48454,0.13662,0.14225,0.87446,0.17336,0.88067,0.49554,0.85548,0.86474,0.10536,0.44606,0.5103,0.15384,0.51021,0.13326,0.12323,0.86191,0.1194,0.10111,0.45097,0.13298,0.49376,0.11152,0.77976,0.49597,0.64289,0.1087,0.88129,0.17137,0.13728,0.62938,0.56637,0.863,0.10576,0.44635,0.88571,0.63795,0.53043,0.87497,0.12362,0.88631,0.68994,0.88127,0.68344,0.54121,0.14013,0.88232,0.12006,0.8768,0.13997,0.53388,0.14178,0.43755,0.49371,0.88919,0.87723,0.63731,0.44918,0.88883,0.57889,0.13254,0.56998,0.11497,0.87283,0.55659,0.48762,0.48912,0.11615,0.87236,0.88347,0.47592,0.5046,0.50894,0.63182,0.38315,0.56615,0.56077,0.54204,0.10624,0.88165,0.86795,0.51707,0.87707,0.52594,0.52466,0.12105,0.1367,0.57243,0.64568,0.12203,0.88149,0.87373,0.61861,0.87262,0.11508,0.88396,0.13594,0.87996,0.47423,0.53489,0.53341,0.88638,0.88663,0.47466,0.13931,0.88629,0.12483,0.8828,0.88356,0.88488,0.11618,0.14638,0.56216,0.49107,0.45467,0.51977,0.87881,0.13294,0.5249,0.84488,0.11924,0.13199,0.13378,0.11233,0.13404,0.10558,0.14156,0.13696,0.12528,0.14805,0.12646,0.14424,0.12595,0.12762,0.098486,0.10845,0.10477,0.12625,0.12391,0.14023,0.13744,0.11945,0.1298,0.1343,0.13489,0.55429,0.53997,0.55848,0.56241,0.86777,0.84867,0.87702,0.42711,0.46213,0.41925,0.44485,0.49367,0.47211,0.39788,0.48417,0.88611,0.87492,0.88413,0.88501,0.88402,0.52159,0.86858,0.51004,0.88356,0.4994,0.38448,0.53323,0.89218,0.66844,0.44043,0.11019,0.43562,0.87318,0.8871,0.47362,0.8805,0.48833,0.88837,0.88636,0.52025,0.87067,0.77187,0.88374,0.099254,0.40137,0.87752,0.12911,0.12407,0.8726,0.58456,0.088876,0.12032,0.85872,0.50875,0.85745,0.12062
0.060463,0.025652,0.51665,0,0.61162,0.60357,0.6824,0.44939,0.13075,0.64711,0.68351,0.6558,0.61625,0.42765,0.4103,0.44254,0.62423,0.68124,0.40849,0.67023,0.64309,0.67064,0.091746,0.66543,0.62891,0.04769,0.58611,0.40855,0.6129,0.62508,0.65505,0.65523,0.67235,0.46139,0.64059,0.64156,0.57762,0.35773,0.49166,0.62699,0.47809,0.6077,0.59919,0.6657,0.58765,0.57349,0.23137,0.61446,0.44953,0.59352,0.56789,0.46889,0.41417,0.60091,0.67002,0.63844,0.62245,0.17465,0.095135,0.66344,0.57162,0.48061,0.68155,0.4212,0.21444,0.66281,0.60463,0.68243,0.35439,0.67515,0.36962,0.083948,0.62719,0.67777,0.55456,0.66727,0.62526,0.036555,0.62884,0.45916,0.06789,0.68419,0.66789,0.41176,0.48769,0.68246,0.10361,0.61892,0.24951,0.58899,0.66403,0.056686,0.26463,0.03752,0.53736,0.65747,0.67768,0.43508,0.43254,0.19275,0.40859,0.44606,0.092087,0.090041,0.036931,0.5876,0.67381,0.67741,0.20325,0.68457,0.041246,0.028245,0.60278,0.61927,0.067169,0.42515,0.58413,0.67387,0.6597,0.37771,0.6608,0.60038,0.67477,0.61979,0.66362,0.49012,0.055281,0.031639,0.68227,0.67889,0.52164,0.62823,0.70358,0.60623,0.67479,0.6792,0.68098,0.59746,0.57825,0.10323,0.41941,0.48934,0.48535,0.67005,0.61971,0.19725,0.63176,0.58174,0.60799,0.61837,0.59468,0.62036,0.57244,0.62004,0.62128,0.60747,0.63048,0.61027,0.61747,0.6092,0.61618,0.57336,0.587,0.57133,0.6129,0.61034,0.62942,0.62047,0.60331,0.61518,0.62271,0.60975,0.052861,0.076877,0.079024,0.063104,0.67573,0.64134,0.68273,0.4542,0.3929,0.47979,0.47164,0.46395,0.4859,0.38248,0.37491,0.68019,0.66433,0.68122,0.67942,0.67963,0.19394,0.67024,0.4749,0.67612,0.48416,0.445,0.058522,0.68743,0.3561,0.47774,0.60073,0.41842,0.68697,0.70377,0.053806,0.70472,0.079315,0.69815,0.69618,0.049615,0.6701,0.59737,0.72884,0.52924,0.12195,0.71464,0.58007,0.56525,0.65442,0.14065,0.58296,0.58835,0.65704,0.43584,0.65838,0.61144
0.63628,0.62695,0.12559,0.61162,0,0.0091007,0.89368,0.57651,0.64207,0.87392,0.89118,0.8811,0.01221,0.43556,0.68127,0.57756,0.022286,0.89386,0.51696,0.88465,0.048454,0.88636,0.67938,0.87988,0.84654,0.62614,0.029997,0.5608,0.018947,0.019249,0.8842,0.049534,0.88738,0.56506,0.86357,0.8773,0.034986,0.52952,0.57774,0.032204,0.57761,0.02972,0.026288,0.86632,0.029511,0.039591,0.53671,0.016565,0.56677,0.03774,0.79705,0.56747,0.69078,0.017738,0.88863,0.05026,0.018382,0.70762,0.64882,0.868,0.046645,0.51255,0.89082,0.68561,0.60904,0.88218,0.009344,0.89165,0.74072,0.88739,0.72759,0.63543,0.016538,0.88744,0.074473,0.88429,0.014798,0.62477,0.019039,0.51,0.5895,0.89484,0.88416,0.68545,0.51483,0.89456,0.66348,0.0084106,0.64197,0.024572,0.8794,0.64729,0.56615,0.58519,0.086799,0.88044,0.88941,0.54976,0.57729,0.58947,0.67967,0.45791,0.65433,0.64866,0.63418,0.024413,0.88754,0.871,0.59981,0.87975,0.61959,0.61778,0.009919,0.024541,0.66178,0.69043,0.040126,0.88793,0.88211,0.66816,0.88027,0.011557,0.89023,0.011597,0.88992,0.54269,0.62345,0.62506,0.89176,0.89225,0.53826,0.017914,0.88605,0.013549,0.88942,0.88919,0.89045,0.014504,0.068079,0.65023,0.56675,0.52141,0.58774,0.88422,0.011788,0.60392,0.85366,0.038686,0.019254,0.019703,0.01859,0.018312,0.040747,0.023093,0.018719,0.0088356,0.023017,0.016368,0.027417,0.0044375,0.0066578,0.038366,0.028793,0.045834,0.0033502,0.0079369,0.018442,0.01872,0.009495,0.0055532,0.012123,0.021344,0.64497,0.63114,0.64861,0.65188,0.87091,0.85784,0.88012,0.49555,0.54149,0.48847,0.51394,0.55481,0.53541,0.47309,0.5639,0.89191,0.88221,0.89011,0.89109,0.88971,0.60302,0.87334,0.57863,0.88979,0.56627,0.45427,0.62468,0.8977,0.71366,0.51083,0.015606,0.5151,0.87429,0.8872,0.56808,0.87913,0.5862,0.88954,0.88837,0.614,0.87536,0.78482,0.87772,0.10353,0.50096,0.87682,0.065548,0.0816,0.88186,0.66923,0.046544,0.029824,0.86467,0.58116,0.86272,0.014705
0.62788,0.61879,0.1205,0.60357,0.0091007,0,0.88586,0.56828,0.6334,0.86596,0.88336,0.87314,0.019098,0.4277,0.67228,0.56932,0.029542,0.88601,0.509,0.87681,0.054771,0.87848,0.67104,0.87198,0.83857,0.6178,0.021954,0.55249,0.021928,0.026635,0.87622,0.056978,0.8795,0.55704,0.85569,0.8692,0.027768,0.52109,0.56993,0.036768,0.56965,0.032201,0.026334,0.85853,0.022978,0.033045,0.52784,0.01617,0.55872,0.031357,0.78874,0.55958,0.6818,0.016057,0.88073,0.054776,0.021649,0.69891,0.64046,0.86019,0.041618,0.50486,0.883,0.67664,0.60004,0.87431,0.0074987,0.88381,0.73184,0.87954,0.71885,0.62696,0.023654,0.87964,0.069227,0.87637,0.022511,0.61653,0.027668,0.50225,0.58113,0.88699,0.87627,0.67647,0.50721,0.88672,0.65497,0.017129,0.6329,0.017119,0.87155,0.63897,0.55717,0.57703,0.080115,0.87253,0.88155,0.54166,0.56904,0.58051,0.67068,0.45021,0.64581,0.64013,0.62595,0.018091,0.87971,0.86324,0.59086,0.87202,0.61129,0.60955,0.0065201,0.030837,0.65354,0.68148,0.036106,0.88006,0.87418,0.65914,0.87237,0.0067119,0.88238,0.019119,0.8819,0.53507,0.6151,0.61684,0.88393,0.88443,0.53092,0.026883,0.87843,0.015638,0.88155,0.88135,0.8826,0.0083758,0.061625,0.64162,0.5585,0.51381,0.57984,0.87643,0.0203,0.59494,0.84574,0.033299,0.020872,0.026511,0.014607,0.02596,0.032911,0.028577,0.026139,0.0053332,0.030129,0.020992,0.031005,0.0070615,0.015516,0.030868,0.02486,0.040506,0.01183,0.0137,0.027334,0.0257,0.0084018,0.013789,0.021163,0.02337,0.63668,0.62265,0.64014,0.64356,0.86316,0.84985,0.87237,0.48765,0.53319,0.48096,0.50622,0.54662,0.5276,0.46467,0.55543,0.88407,0.87432,0.88224,0.88323,0.88186,0.59406,0.86553,0.57067,0.88193,0.55841,0.4464,0.61627,0.88985,0.7049,0.50325,0.014005,0.50711,0.86662,0.87956,0.55984,0.87154,0.57785,0.88188,0.88065,0.60565,0.86756,0.7766,0.8703,0.09922,0.49286,0.86914,0.06421,0.079496,0.8739,0.66049,0.041155,0.021815,0.85682,0.57292,0.8549,0.015504
0.63975,0.66253,0.88831,0.6824,0.89368,0.88586,0,0.67412,0.5574,0.036358,0.0083529,0.03038,0.89718,0.74452,0.40122,0.67686,0.90228,0.0086189,0.74216,0.012879,0.90423,0.014252,0.6243,0.020742,0.055522,0.6446,0.8762,0.68595,0.88791,0.89977,0.033041,0.91304,0.012971,0.70285,0.048615,0.059943,0.86953,0.69001,0.72213,0.89069,0.70434,0.89136,0.88742,0.027782,0.86832,0.87042,0.62231,0.88532,0.70926,0.87483,0.14055,0.72311,0.39227,0.89537,0.015686,0.891,0.89296,0.541,0.59825,0.026164,0.86985,0.732,0.0034006,0.40302,0.55238,0.021024,0.88639,0.007657,0.34597,0.010411,0.31697,0.64945,0.90009,0.0080691,0.84653,0.020788,0.89906,0.64895,0.90526,0.74017,0.66565,0.011225,0.015093,0.39704,0.73719,0.0060291,0.59511,0.89862,0.50591,0.87318,0.019343,0.64203,0.58444,0.67959,0.82984,0.026316,0.0087473,0.70461,0.68301,0.56633,0.39659,0.75288,0.61308,0.61166,0.65553,0.88091,0.010533,0.028303,0.57906,0.022844,0.65789,0.66036,0.88632,0.90285,0.64101,0.37655,0.86864,0.010936,0.024962,0.3924,0.021931,0.88827,0.0084296,0.89672,0.042554,0.74339,0.62952,0.65454,0.0074864,0.0068672,0.76033,0.90697,0.040237,0.89096,0.012794,0.009207,0.01071,0.88365,0.8272,0.60772,0.69172,0.74228,0.71209,0.027671,0.9013,0.55349,0.052692,0.86528,0.88666,0.90261,0.88592,0.90442,0.86211,0.89555,0.90214,0.88566,0.89964,0.89737,0.88886,0.88964,0.89998,0.86967,0.88257,0.86935,0.89604,0.89655,0.90711,0.90019,0.88958,0.89581,0.90309,0.88657,0.64389,0.63218,0.62747,0.6359,0.026847,0.050194,0.020312,0.71827,0.69542,0.75683,0.73575,0.6598,0.71162,0.68306,0.6731,0.0070453,0.018448,0.023102,0.013379,0.010129,0.56817,0.020823,0.70725,0.0084384,0.7147,0.72909,0.63964,0.013763,0.32912,0.75183,0.89441,0.7304,0.03465,0.038665,0.66897,0.050049,0.67744,0.03009,0.026668,0.65554,0.019981,0.17368,0.086173,0.8619,0.70524,0.093277,0.87627,0.87305,0.0309,0.57914,0.8854,0.86458,0.029721,0.6832,0.031251,0.89557
0.41954,0.45032,0.50834,0.44939,0.57651,0.56828,0.67412,0,0.41172,0.64773,0.66987,0.6502,0.5873,0.15628,0.28815,0.0094469,0.59758,0.66896,0.10725,0.66695,0.61824,0.6611,0.46841,0.65375,0.62527,0.42401,0.54778,0.04832,0.5862,0.59394,0.65133,0.61823,0.66221,0.031582,0.65598,0.626,0.55681,0.10486,0.055671,0.5981,0.036415,0.59289,0.58328,0.65611,0.5636,0.55716,0.22053,0.56901,0.037918,0.5403,0.53563,0.050302,0.2992,0.56629,0.66185,0.61115,0.57469,0.44356,0.46295,0.65728,0.56485,0.091138,0.67236,0.28469,0.27706,0.66375,0.57386,0.66937,0.44808,0.66396,0.47255,0.38837,0.58475,0.67218,0.56352,0.65516,0.58743,0.44184,0.59429,0.093552,0.38189,0.66928,0.6611,0.2933,0.09507,0.67123,0.4384,0.58452,0.29273,0.56208,0.6628,0.44268,0.19903,0.41522,0.54576,0.65949,0.66604,0.044662,0.023886,0.28514,0.29249,0.1408,0.41637,0.41386,0.44396,0.56227,0.67089,0.66031,0.26975,0.67123,0.4184,0.43162,0.57222,0.59802,0.46663,0.30977,0.57276,0.66386,0.65435,0.30749,0.65724,0.5683,0.67011,0.58661,0.64394,0.082607,0.43101,0.44349,0.66936,0.67501,0.11158,0.59311,0.68495,0.58098,0.66308,0.66624,0.66645,0.56803,0.5465,0.39817,0.041522,0.094075,0.04493,0.67813,0.58828,0.2931,0.64146,0.56644,0.58402,0.59419,0.5698,0.59394,0.55143,0.59496,0.59437,0.56952,0.59471,0.5869,0.59368,0.57513,0.58223,0.5517,0.56964,0.56315,0.57947,0.58082,0.59269,0.59377,0.5738,0.58176,0.58778,0.58612,0.4456,0.39785,0.41633,0.44958,0.6625,0.62432,0.6705,0.091446,0.072007,0.12267,0.08942,0.039263,0.068166,0.11651,0.077879,0.66861,0.65918,0.65936,0.66435,0.66595,0.28652,0.65851,0.036467,0.66642,0.049791,0.13132,0.41113,0.67108,0.46139,0.10365,0.56841,0.092178,0.67403,0.68278,0.40338,0.68068,0.37303,0.68659,0.67627,0.40701,0.66509,0.5088,0.68815,0.5651,0.38088,0.64686,0.59265,0.59041,0.65352,0.39003,0.53729,0.55659,0.65022,0.022394,0.65186,0.56762
0.08248,0.1094,0.56283,0.13075,0.64207,0.6334,0.5574,0.41172,0,0.5217,0.55842,0.52996,0.64717,0.4257,0.29884,0.40628,0.65523,0.55581,0.40246,0.54547,0.67167,0.54524,0.083161,0.54004,0.50428,0.0881,0.61614,0.38049,0.64227,0.65508,0.529,0.68323,0.54695,0.43142,0.51698,0.51426,0.60843,0.34122,0.46235,0.65468,0.44554,0.63943,0.63126,0.54186,0.61639,0.60544,0.2055,0.64183,0.42277,0.62113,0.44167,0.44356,0.30061,0.63348,0.54446,0.6645,0.65025,0.066797,0.063577,0.53951,0.6043,0.46046,0.55668,0.31065,0.13744,0.538,0.63469,0.55725,0.22386,0.54991,0.24195,0.10043,0.65625,0.5532,0.58502,0.54158,0.65467,0.095462,0.65934,0.44469,0.12152,0.55871,0.54268,0.29929,0.46783,0.55715,0.046101,0.64943,0.14809,0.61854,0.53942,0.086344,0.21296,0.13219,0.5662,0.53245,0.55242,0.41023,0.39923,0.12666,0.29635,0.44165,0.058689,0.056052,0.10015,0.61936,0.54912,0.55354,0.14367,0.56074,0.10214,0.10559,0.63313,0.65152,0.092964,0.31034,0.61427,0.54856,0.53411,0.26246,0.53561,0.63149,0.54975,0.64978,0.53664,0.46955,0.075565,0.10083,0.55707,0.5541,0.50167,0.6592,0.58039,0.63747,0.54928,0.55399,0.55567,0.62807,0.59788,0.058458,0.39124,0.47018,0.45329,0.54636,0.65091,0.11955,0.5078,0.61119,0.638,0.65053,0.62656,0.6525,0.60222,0.65021,0.6527,0.63647,0.65933,0.64252,0.64652,0.63912,0.64748,0.60482,0.61974,0.60385,0.64381,0.64201,0.66013,0.65158,0.63442,0.64568,0.65365,0.63948,0.088766,0.078621,0.071571,0.082475,0.55203,0.51567,0.55879,0.43519,0.37176,0.46865,0.45372,0.42274,0.45769,0.3652,0.34671,0.55491,0.53914,0.55543,0.55389,0.55435,0.12595,0.54591,0.44345,0.55084,0.45462,0.43387,0.083607,0.56184,0.22875,0.46379,0.63324,0.40699,0.56398,0.58029,0.12944,0.58194,0.13655,0.5747,0.57198,0.10148,0.54611,0.47358,0.6072,0.56927,0.19551,0.59031,0.61413,0.60162,0.52876,0.056012,0.61526,0.61561,0.53282,0.40188,0.53451,0.64183
0.60406,0.62706,0.8645,0.64711,0.87392,0.86596,0.036358,0.64773,0.5217,0,0.038826,0.011823,0.87756,0.71791,0.37165,0.65013,0.88289,0.035202,0.714,0.025593,0.88569,0.024876,0.58833,0.022707,0.027791,0.60905,0.85576,0.658,0.86843,0.88048,0.012843,0.89475,0.026614,0.67669,0.028898,0.037642,0.84898,0.66067,0.69676,0.87179,0.6787,0.87158,0.86736,0.035384,0.84826,0.84967,0.58987,0.86591,0.68249,0.8547,0.11227,0.6969,0.36254,0.87506,0.023524,0.87265,0.87368,0.50473,0.56267,0.030876,0.84907,0.70679,0.036389,0.37408,0.51827,0.01872,0.86655,0.037275,0.30981,0.029975,0.2809,0.61383,0.88084,0.033965,0.8257,0.023647,0.87978,0.61348,0.88595,0.71398,0.63059,0.038853,0.021868,0.36738,0.71216,0.036171,0.55919,0.87906,0.47164,0.85303,0.021248,0.60627,0.55236,0.64459,0.80867,0.01278,0.032273,0.67756,0.6558,0.53221,0.36686,0.72656,0.5772,0.57584,0.61994,0.86046,0.029257,0.046399,0.54503,0.048498,0.62241,0.62493,0.8664,0.88323,0.60521,0.34728,0.84846,0.028076,0.013447,0.36096,0.014592,0.86816,0.02854,0.87727,0.036128,0.718,0.59404,0.61907,0.037012,0.033536,0.73602,0.88759,0.070456,0.87108,0.029254,0.034395,0.03641,0.86356,0.80786,0.5719,0.66403,0.71714,0.68649,0.036501,0.8817,0.51914,0.025806,0.84507,0.867,0.88295,0.86565,0.88478,0.84153,0.87619,0.88261,0.86594,0.8806,0.87749,0.86959,0.8699,0.88025,0.84891,0.86208,0.84856,0.87628,0.87667,0.88776,0.88069,0.86958,0.87616,0.88357,0.867,0.60818,0.59656,0.59165,0.60012,0.044298,0.029862,0.045592,0.69243,0.66703,0.7314,0.71009,0.63456,0.68673,0.65532,0.64404,0.034352,0.018191,0.041003,0.034914,0.034901,0.53386,0.033693,0.68141,0.03001,0.68929,0.70318,0.6041,0.042172,0.29323,0.72616,0.87413,0.70278,0.058077,0.069351,0.63423,0.077769,0.64246,0.061203,0.057637,0.62012,0.033185,0.15699,0.11371,0.83959,0.6717,0.11181,0.85577,0.85201,0.0084254,0.54319,0.8645,0.84463,0.025444,0.65607,0.030194,0.8757
0.64069,0.66377,0.88614,0.68351,0.89118,0.88336,0.0083529,0.66987,0.55842,0.038826,0,0.031572,0.89475,0.7408,0.39803,0.6727,0.89988,0.0069457,0.73859,0.017753,0.90184,0.014503,0.62598,0.018965,0.055236,0.64557,0.87368,0.6822,0.8855,0.89731,0.034952,0.91051,0.012879,0.69855,0.053339,0.058448,0.86721,0.68682,0.7176,0.88826,0.69988,0.8891,0.88515,0.026363,0.86596,0.86815,0.62057,0.8827,0.70513,0.87213,0.13751,0.71882,0.38914,0.89288,0.01717,0.88859,0.89031,0.54252,0.5999,0.026361,0.86769,0.72758,0.0068754,0.39961,0.55138,0.026039,0.88394,0.0021407,0.34686,0.0090191,0.31827,0.64997,0.8975,0.013151,0.84457,0.019226,0.89653,0.65013,0.90276,0.73602,0.66597,0.0063892,0.017057,0.39388,0.73272,0.0062027,0.59646,0.89612,0.50491,0.87079,0.02341,0.64328,0.58237,0.68026,0.82787,0.030721,0.0068731,0.7006,0.679,0.56548,0.39345,0.74896,0.61407,0.61263,0.65673,0.87853,0.016793,0.023776,0.57802,0.020281,0.65874,0.66136,0.88388,0.90051,0.64258,0.37326,0.86642,0.011079,0.026623,0.38995,0.024537,0.88581,0.014548,0.89424,0.039899,0.73893,0.63063,0.65572,0.0025157,0.014709,0.75562,0.90447,0.037427,0.88858,0.011519,0.0048112,0.0045487,0.88122,0.82474,0.60848,0.68787,0.73781,0.7076,0.034428,0.89884,0.55273,0.055477,0.86302,0.88429,0.90024,0.88354,0.90202,0.85978,0.89317,0.89973,0.88313,0.89713,0.89501,0.8865,0.88715,0.89749,0.86734,0.88028,0.86717,0.89356,0.89411,0.90458,0.89779,0.88715,0.89333,0.90059,0.88421,0.64517,0.63287,0.62842,0.63726,0.02402,0.047274,0.018181,0.71408,0.69185,0.75254,0.73145,0.6553,0.70705,0.67955,0.66971,0.0056641,0.020805,0.016223,0.0086375,0.0050767,0.56735,0.018318,0.70284,0.009476,0.7102,0.72508,0.64047,0.0089881,0.33025,0.74754,0.89195,0.72666,0.032799,0.034984,0.66949,0.04608,0.67761,0.029619,0.021798,0.65625,0.021654,0.16775,0.081248,0.86023,0.70515,0.085098,0.87435,0.87128,0.033778,0.57983,0.8828,0.86213,0.02938,0.67915,0.03091,0.89297
0.61225,0.63572,0.87197,0.6558,0.8811,0.87314,0.03038,0.6502,0.52996,0.011823,0.031572,0,0.88482,0.72223,0.37443,0.6527,0.89018,0.026877,0.71786,0.023084,0.89299,0.01711,0.59687,0.015197,0.03489,0.61739,0.8629,0.66123,0.87572,0.8877,0.0053287,0.90187,0.018717,0.67922,0.039327,0.032822,0.85635,0.66488,0.6989,0.87904,0.68091,0.87904,0.8748,0.035266,0.85559,0.85711,0.59587,0.87293,0.68522,0.86162,0.11485,0.69944,0.36525,0.88224,0.015137,0.87991,0.88067,0.51264,0.57158,0.031807,0.85664,0.70968,0.030732,0.37649,0.52446,0.01951,0.87378,0.029779,0.31676,0.022635,0.28903,0.62149,0.8879,0.030469,0.83348,0.013916,0.8869,0.6221,0.89313,0.71721,0.63854,0.030078,0.016217,0.37014,0.71496,0.028473,0.56752,0.88624,0.47747,0.86032,0.021581,0.6147,0.55769,0.653,0.81644,0.01571,0.02474,0.68059,0.65855,0.53881,0.36978,0.73048,0.58522,0.5839,0.62847,0.86777,0.026485,0.04323,0.55124,0.045144,0.63068,0.63341,0.87364,0.89059,0.61386,0.3499,0.85596,0.020639,0.0057779,0.36502,0.012047,0.87538,0.023822,0.88446,0.025467,0.72058,0.60259,0.62768,0.029492,0.02953,0.73835,0.89476,0.066466,0.87839,0.02056,0.026848,0.02829,0.87081,0.81507,0.57968,0.66708,0.7199,0.68858,0.039335,0.88893,0.5257,0.036911,0.85252,0.87433,0.89027,0.87297,0.89207,0.8489,0.88349,0.8899,0.87307,0.88775,0.88482,0.87692,0.87708,0.88744,0.85628,0.8695,0.85611,0.88347,0.88392,0.89491,0.88798,0.87684,0.88336,0.89074,0.87433,0.61667,0.60449,0.59969,0.60864,0.042273,0.028476,0.042288,0.69573,0.67068,0.73465,0.7131,0.63695,0.68923,0.65966,0.64768,0.02671,0.013775,0.03095,0.025831,0.026974,0.54032,0.030934,0.68368,0.022776,0.69158,0.70703,0.61227,0.03299,0.30139,0.72922,0.88134,0.70646,0.056254,0.064614,0.64265,0.07391,0.65026,0.057793,0.051865,0.62828,0.032868,0.15556,0.10918,0.84769,0.67997,0.10373,0.8636,0.86001,0.0069406,0.55063,0.87153,0.85185,0.027112,0.65873,0.032249,0.88275
0.64152,0.63158,0.13244,0.61625,0.01221,0.019098,0.89718,0.5873,0.64717,0.87756,0.89475,0.88482,0,0.44669,0.68886,0.58833,0.010645,0.89747,0.52785,0.88812,0.037971,0.88999,0.68398,0.88356,0.85023,0.63122,0.040392,0.57141,0.011369,0.0099596,0.88793,0.041956,0.89101,0.57612,0.86685,0.88143,0.03898,0.53972,0.58903,0.023577,0.58874,0.020227,0.020902,0.86978,0.031767,0.042761,0.54488,0.025132,0.57778,0.049644,0.80177,0.57866,0.69828,0.027162,0.89227,0.041335,0.025532,0.71273,0.6531,0.87143,0.046529,0.52395,0.89431,0.69332,0.61628,0.88565,0.013856,0.89522,0.74591,0.891,0.73218,0.64133,0.018729,0.89088,0.072579,0.888,0.013103,0.62949,0.01302,0.52131,0.59526,0.89847,0.88774,0.693,0.52629,0.89814,0.6684,0.0076558,0.64906,0.029127,0.88286,0.65217,0.5745,0.59032,0.087084,0.88395,0.893,0.56069,0.58803,0.59651,0.68718,0.46922,0.65968,0.654,0.63898,0.029941,0.89098,0.87448,0.60721,0.88315,0.62481,0.62272,0.015562,0.012756,0.66631,0.69779,0.037656,0.89153,0.88578,0.67525,0.88385,0.020242,0.89373,0.0062415,0.89393,0.55414,0.62829,0.62977,0.89534,0.89568,0.54993,0.013452,0.88933,0.010096,0.89307,0.89279,0.89407,0.020613,0.070276,0.65586,0.57746,0.53288,0.59893,0.88743,0.0053936,0.61087,0.85709,0.03829,0.012625,0.0084895,0.022319,0.0080213,0.045009,0.011729,0.0070838,0.018764,0.016868,0.0089586,0.017747,0.012415,0.0099786,0.043654,0.029872,0.046249,0.0096276,0.0088709,0.015111,0.006683,0.014705,0.0071774,0.010084,0.01368,0.64978,0.63673,0.65397,0.65663,0.87434,0.86177,0.88353,0.50674,0.55204,0.5,0.5253,0.56561,0.54669,0.4835,0.57414,0.8955,0.88579,0.89389,0.89476,0.89332,0.61012,0.87686,0.58976,0.89337,0.57751,0.46548,0.62998,0.90134,0.7183,0.5223,0.024116,0.52606,0.87757,0.89055,0.57326,0.88243,0.5922,0.89279,0.89183,0.61939,0.87875,0.79015,0.88099,0.10201,0.50652,0.88094,0.059055,0.076206,0.88551,0.67507,0.057657,0.035152,0.86819,0.59192,0.86618,0.02632
0.41813,0.43649,0.35928,0.42765,0.43556,0.4277,0.74452,0.15628,0.4257,0.71791,0.7408,0.72223,0.44669,0,0.38324,0.15521,0.45723,0.74078,0.085839,0.73613,0.48022,0.73241,0.47426,0.72497,0.69278,0.41734,0.40647,0.1363,0.44702,0.45392,0.72388,0.47965,0.73359,0.1383,0.72053,0.7029,0.41684,0.12122,0.15282,0.46021,0.15324,0.45313,0.44306,0.72281,0.425,0.41682,0.22462,0.42952,0.13594,0.39946,0.60985,0.13688,0.39494,0.4236,0.73356,0.47491,0.43475,0.47567,0.46288,0.72402,0.42513,0.09388,0.74239,0.38351,0.31557,0.73271,0.4336,0.74051,0.51204,0.73501,0.52729,0.3918,0.44438,0.74111,0.42768,0.72734,0.44722,0.43072,0.45359,0.079295,0.36626,0.74144,0.73163,0.38858,0.098204,0.74269,0.44896,0.44369,0.34913,0.42249,0.7313,0.44023,0.23677,0.39021,0.41127,0.72883,0.73722,0.11965,0.15207,0.30941,0.38553,0.028477,0.42609,0.42225,0.43477,0.42111,0.73999,0.72779,0.30118,0.73858,0.40846,0.41825,0.43173,0.45723,0.4646,0.40329,0.43454,0.73502,0.72573,0.38868,0.72735,0.42702,0.74023,0.44633,0.72065,0.11881,0.42423,0.43137,0.74053,0.74457,0.13027,0.45197,0.75127,0.4404,0.73493,0.73738,0.73798,0.42739,0.41489,0.41132,0.13949,0.10248,0.1619,0.74407,0.44723,0.32388,0.70669,0.42827,0.44459,0.45314,0.42866,0.45269,0.41224,0.4554,0.45364,0.42936,0.45522,0.44579,0.45513,0.43468,0.4408,0.41109,0.42865,0.42338,0.43835,0.43949,0.45161,0.4533,0.43282,0.441,0.44661,0.44697,0.4415,0.40018,0.4219,0.4482,0.72928,0.69607,0.73807,0.072306,0.11794,0.071185,0.088903,0.14963,0.12059,0.073117,0.1499,0.73992,0.7295,0.73277,0.73657,0.73734,0.31624,0.7268,0.15234,0.73752,0.14257,0.034025,0.40718,0.74372,0.5135,0.086484,0.42601,0.081123,0.73917,0.75003,0.37586,0.74624,0.35572,0.75318,0.74527,0.39754,0.73213,0.58822,0.75233,0.4261,0.32613,0.72132,0.45439,0.45216,0.72476,0.41668,0.39335,0.41833,0.71761,0.15579,0.71831,0.42581
0.35972,0.39596,0.63292,0.4103,0.68127,0.67228,0.40122,0.28815,0.29884,0.37165,0.39803,0.37443,0.68886,0.38324,0,0.28889,0.69745,0.39595,0.35751,0.39337,0.711,0.3874,0.37636,0.38049,0.35186,0.36747,0.65514,0.29514,0.68325,0.69455,0.3747,0.71691,0.38867,0.31885,0.38113,0.34856,0.65494,0.30311,0.34084,0.69233,0.32176,0.68753,0.67974,0.3862,0.659,0.655,0.25998,0.67382,0.32182,0.65183,0.26099,0.33813,0.011772,0.67575,0.38746,0.7004,0.68147,0.30155,0.36173,0.38633,0.65817,0.36098,0.39997,0.01275,0.20666,0.38907,0.67539,0.39715,0.19109,0.39106,0.21372,0.34697,0.69053,0.39964,0.64331,0.38131,0.69107,0.38216,0.69794,0.36388,0.36203,0.39682,0.38722,0.0054085,0.36663,0.39828,0.33919,0.68859,0.16509,0.66091,0.38907,0.3747,0.21007,0.39173,0.62362,0.38407,0.39324,0.31845,0.29266,0.2288,0.0064525,0.38649,0.33684,0.33513,0.38624,0.66472,0.3974,0.39222,0.22889,0.4024,0.37375,0.38399,0.67432,0.69728,0.38807,0.02513,0.66314,0.39052,0.37916,0.043503,0.38266,0.67307,0.39624,0.68877,0.36857,0.36604,0.36275,0.38674,0.39708,0.40154,0.3901,0.69814,0.41926,0.68135,0.38967,0.39389,0.39427,0.67022,0.62833,0.3215,0.30074,0.36976,0.32855,0.40447,0.69185,0.21906,0.36703,0.65803,0.68091,0.69518,0.67184,0.69623,0.64785,0.69228,0.69543,0.6733,0.69558,0.68796,0.68799,0.67825,0.68779,0.65196,0.66903,0.65706,0.68405,0.68461,0.69816,0.69406,0.67678,0.68535,0.6929,0.68213,0.37822,0.34145,0.3474,0.37475,0.39388,0.35114,0.40111,0.34758,0.30665,0.38809,0.36168,0.28482,0.33955,0.31343,0.27979,0.39578,0.38493,0.38774,0.39172,0.3936,0.22804,0.38792,0.3233,0.39312,0.33466,0.36694,0.35611,0.39875,0.20809,0.37775,0.67626,0.34772,0.4072,0.41698,0.38038,0.41746,0.36597,0.41836,0.40831,0.366,0.39378,0.25136,0.43292,0.64828,0.40344,0.39178,0.6761,0.67132,0.37719,0.29249,0.65437,0.65379,0.37866,0.29271,0.38111,0.6779
0.41282,0.4436,0.50761,0.44254,0.57756,0.56932,0.67686,0.0094469,0.40628,0.65013,0.6727,0.6527,0.58833,0.15521,0.28889,0,0.59864,0.67172,0.1018,0.66957,0.61954,0.66377,0.46195,0.65644,0.62774,0.41734,0.5487,0.040176,0.58728,0.59508,0.65377,0.61969,0.66491,0.03276,0.65825,0.62844,0.55754,0.097708,0.058833,0.59937,0.040352,0.59375,0.58407,0.65891,0.56454,0.55779,0.21448,0.57031,0.034291,0.54148,0.53802,0.049795,0.29991,0.56715,0.66448,0.61257,0.57603,0.43811,0.4571,0.66001,0.56537,0.093724,0.67512,0.28571,0.27185,0.66626,0.57487,0.67217,0.44637,0.6667,0.47136,0.38127,0.58602,0.67489,0.56396,0.65784,0.58865,0.43527,0.59545,0.09322,0.37493,0.6721,0.66374,0.29401,0.097883,0.67399,0.4323,0.58562,0.28857,0.56299,0.66538,0.43601,0.19384,0.40839,0.54616,0.66193,0.66879,0.040478,0.014548,0.27974,0.29321,0.14009,0.40989,0.40744,0.43721,0.56304,0.67353,0.66329,0.2639,0.67417,0.41155,0.42485,0.5732,0.59896,0.46005,0.3109,0.57353,0.66657,0.65689,0.30743,0.65979,0.56923,0.67274,0.58774,0.64659,0.0845,0.42466,0.43684,0.67216,0.67767,0.11513,0.59424,0.68811,0.58191,0.6658,0.66903,0.66926,0.56895,0.54789,0.3917,0.033018,0.096516,0.047868,0.68063,0.58933,0.28786,0.64377,0.56725,0.58502,0.59514,0.57062,0.59491,0.55218,0.59604,0.59539,0.57064,0.59598,0.58779,0.59479,0.5762,0.58327,0.55238,0.57032,0.56369,0.5805,0.58177,0.59385,0.5948,0.57473,0.58283,0.58888,0.58715,0.43895,0.39113,0.40967,0.44302,0.66542,0.62698,0.67341,0.092663,0.06485,0.12376,0.090699,0.047578,0.073119,0.11408,0.069705,0.67137,0.66177,0.66226,0.66715,0.66874,0.28091,0.66132,0.03898,0.66913,0.053572,0.13181,0.40445,0.67392,0.46009,0.1044,0.56926,0.08789,0.67704,0.68596,0.39679,0.68397,0.36587,0.68958,0.67934,0.40015,0.66782,0.51229,0.69191,0.56476,0.37452,0.65077,0.59307,0.59055,0.65594,0.3839,0.53807,0.55765,0.65291,0.013128,0.65457,0.56872
0.64982,0.63955,0.14136,0.62423,0.022286,0.029542,0.90228,0.59758,0.65523,0.88289,0.89988,0.89018,0.010645,0.45723,0.69745,0.59864,0,0.90265,0.53844,0.89325,0.028311,0.89522,0.69186,0.88883,0.85559,0.63944,0.051015,0.58181,0.014679,0.0065873,0.89332,0.033629,0.89623,0.58648,0.87196,0.88712,0.047874,0.55015,0.59936,0.018356,0.59906,0.020107,0.025609,0.87484,0.039672,0.051234,0.5546,0.032736,0.5882,0.059649,0.80797,0.58908,0.70681,0.037147,0.89752,0.034052,0.031444,0.72076,0.66074,0.8765,0.053015,0.53429,0.89941,0.70194,0.62544,0.89081,0.024006,0.90037,0.75339,0.89618,0.73917,0.65002,0.022229,0.89594,0.07685,0.8933,0.015961,0.63749,0.01141,0.53178,0.60391,0.90365,0.89295,0.70156,0.53662,0.90329,0.67643,0.015225,0.65801,0.038364,0.888,0.66026,0.58418,0.5986,0.092683,0.88917,0.89818,0.57112,0.59839,0.60562,0.69571,0.47975,0.668,0.6623,0.64703,0.03976,0.89607,0.87951,0.61652,0.88811,0.63311,0.63086,0.025906,0.0083354,0.67417,0.70616,0.042592,0.89673,0.89108,0.68365,0.88909,0.030851,0.89887,0.01213,0.89947,0.56452,0.63633,0.63778,0.90049,0.90077,0.56019,0.01358,0.89412,0.018907,0.8983,0.89796,0.89924,0.03086,0.07536,0.66434,0.58788,0.54324,0.60926,0.89239,0.011651,0.6199,0.86231,0.044548,0.017565,0.008092,0.03193,0.0081898,0.053745,0.0072546,0.0045733,0.028514,0.013664,0.015323,0.014965,0.022642,0.018641,0.053029,0.037891,0.053081,0.019666,0.018961,0.015397,0.0042209,0.025158,0.01679,0.014813,0.016775,0.65782,0.64522,0.66232,0.66463,0.87934,0.86724,0.88851,0.51713,0.5625,0.51042,0.53571,0.57573,0.55694,0.49387,0.58452,0.90066,0.89102,0.89916,0.89998,0.89849,0.61927,0.88196,0.6001,0.89856,0.58783,0.47591,0.63832,0.90653,0.72535,0.53274,0.034195,0.5366,0.88241,0.89538,0.58157,0.88718,0.60098,0.89762,0.89679,0.62779,0.88378,0.7965,0.88556,0.10644,0.5151,0.88613,0.059695,0.077591,0.89084,0.68361,0.067996,0.043826,0.87334,0.60228,0.87128,0.03544
0.63809,0.66135,0.8879,0.68124,0.89386,0.88601,0.0086189,0.66896,0.55581,0.035202,0.0069457,0.026877,0.89747,0.74078,0.39595,0.67172,0.90265,0,0.7378,0.016785,0.9048,0.010607,0.62304,0.016581,0.054261,0.64309,0.8762,0.68113,0.88826,0.9001,0.029622,0.9135,0.0088888,0.69777,0.052339,0.053533,0.86973,0.68576,0.71687,0.89114,0.6991,0.89181,0.8878,0.030097,0.86859,0.87064,0.61906,0.88543,0.70423,0.87469,0.13571,0.71802,0.38694,0.89544,0.012018,0.89158,0.89307,0.53918,0.59733,0.029074,0.87018,0.72734,0.0094031,0.39756,0.54911,0.023784,0.88661,0.0048693,0.34332,0.0068507,0.31525,0.64732,0.90028,0.015043,0.84706,0.015127,0.89931,0.64771,0.90554,0.73562,0.66379,0.004327,0.014068,0.39174,0.7325,0.0028068,0.59362,0.89885,0.50236,0.87339,0.022495,0.64061,0.5807,0.67817,0.83028,0.027616,0.004616,0.69977,0.67794,0.56339,0.39139,0.74886,0.61127,0.60989,0.65421,0.88107,0.016304,0.029675,0.57581,0.026846,0.65632,0.65898,0.88653,0.90324,0.63984,0.37121,0.86904,0.0075678,0.022267,0.38783,0.02147,0.88841,0.012202,0.89699,0.034767,0.73846,0.62821,0.6533,0.004521,0.014248,0.75538,0.90723,0.044186,0.89125,0.0066929,0.0050894,0.0050205,0.88383,0.82751,0.60569,0.68681,0.73753,0.70676,0.034973,0.90156,0.5505,0.054418,0.86563,0.88701,0.90296,0.88612,0.90474,0.8623,0.89595,0.90248,0.88581,0.89996,0.89768,0.8893,0.88983,0.90018,0.86982,0.88283,0.86966,0.89624,0.89677,0.90735,0.90054,0.88978,0.89604,0.90333,0.88695,0.64254,0.63028,0.62568,0.63457,0.029696,0.045541,0.024504,0.71384,0.69085,0.75242,0.73112,0.65476,0.70672,0.67915,0.66844,0.0026529,0.017766,0.015318,0.0054044,0.0047357,0.5651,0.022036,0.70202,0.0058696,0.70955,0.72508,0.63798,0.0076351,0.32742,0.74723,0.89452,0.72598,0.039358,0.041734,0.66757,0.052986,0.67545,0.035832,0.028523,0.65385,0.024787,0.16762,0.087903,0.86242,0.70383,0.088916,0.87692,0.87375,0.029149,0.57682,0.8852,0.86477,0.030744,0.67808,0.033257,0.89561
0.39155,0.4153,0.43338,0.40849,0.51696,0.509,0.74216,0.10725,0.40246,0.714,0.73859,0.71786,0.52785,0.085839,0.35751,0.1018,0.53844,0.7378,0,0.73384,0.56184,0.72926,0.44717,0.72193,0.6905,0.39338,0.4875,0.072588,0.52812,0.53544,0.71898,0.56208,0.7305,0.089954,0.71886,0.69571,0.49668,0.064692,0.10891,0.5418,0.10717,0.53331,0.52308,0.72258,0.50541,0.4962,0.19754,0.5117,0.077488,0.48155,0.60347,0.08455,0.3688,0.50452,0.73001,0.55666,0.51715,0.44452,0.4429,0.72341,0.50383,0.087594,0.74033,0.35721,0.28262,0.73,0.51468,0.73808,0.4895,0.7323,0.51216,0.35983,0.52653,0.73937,0.5049,0.72375,0.5291,0.40952,0.53529,0.059539,0.34292,0.73854,0.72869,0.36269,0.092507,0.73989,0.4224,0.5252,0.31541,0.50305,0.72912,0.41472,0.20338,0.37203,0.48793,0.72563,0.73452,0.063248,0.092256,0.281,0.36078,0.0745,0.39689,0.39399,0.41144,0.50137,0.73781,0.72799,0.26654,0.73871,0.38425,0.39632,0.51274,0.53796,0.43984,0.38021,0.51403,0.7321,0.72188,0.36608,0.72422,0.50798,0.73755,0.52784,0.71457,0.090024,0.40291,0.41002,0.73806,0.74229,0.11919,0.53365,0.75296,0.52115,0.73172,0.73486,0.73538,0.5082,0.49556,0.38058,0.074516,0.090758,0.11267,0.7429,0.52855,0.29407,0.70483,0.50798,0.5254,0.534,0.50906,0.5337,0.49201,0.53651,0.53476,0.51094,0.53715,0.52644,0.53618,0.51603,0.52216,0.4908,0.50838,0.50217,0.51966,0.52049,0.5334,0.53442,0.51372,0.52239,0.52818,0.52781,0.41683,0.3719,0.39295,0.42318,0.72956,0.6925,0.73792,0.072826,0.05279,0.084997,0.07499,0.12317,0.10286,0.076208,0.085472,0.73719,0.72646,0.72957,0.73352,0.73473,0.28418,0.72583,0.10319,0.73466,0.10263,0.084455,0.3819,0.7407,0.49897,0.075823,0.50684,0.02039,0.74076,0.75133,0.36064,0.7489,0.33101,0.75398,0.74517,0.37298,0.73139,0.58395,0.75775,0.49985,0.32266,0.72201,0.53202,0.52831,0.72047,0.38272,0.47433,0.49926,0.71647,0.095798,0.71778,0.5076
0.62784,0.65038,0.87843,0.67023,0.88465,0.87681,0.012879,0.66695,0.54547,0.025593,0.017753,0.023084,0.88812,0.73613,0.39337,0.66957,0.89325,0.016785,0.73384,0,0.89534,0.012159,0.61222,0.016619,0.044664,0.63261,0.86708,0.67807,0.87886,0.89079,0.02611,0.9043,0.012498,0.69567,0.036041,0.055327,0.86025,0.6813,0.71533,0.88177,0.69745,0.88216,0.87819,0.022193,0.85915,0.86107,0.61205,0.87644,0.70188,0.86588,0.13264,0.71593,0.38444,0.88624,0.013269,0.88217,0.88412,0.5293,0.58598,0.018247,0.86042,0.72474,0.012545,0.39549,0.54183,0.0088268,0.87731,0.016782,0.33488,0.012534,0.30518,0.63786,0.89121,0.008517,0.83697,0.018535,0.89014,0.63682,0.89631,0.73253,0.65392,0.020639,0.0085419,0.38919,0.73001,0.015914,0.58313,0.88962,0.49558,0.86402,0.0065248,0.62999,0.57465,0.6676,0.82022,0.014674,0.013656,0.69698,0.67555,0.55552,0.38862,0.74478,0.60127,0.59984,0.64345,0.87168,0.004054,0.029127,0.56851,0.026321,0.64595,0.64831,0.87723,0.89373,0.62886,0.36882,0.85934,0.011583,0.017339,0.38349,0.011763,0.87915,0.0060927,0.88773,0.042342,0.7363,0.61743,0.64241,0.016579,0.0089743,0.75357,0.89802,0.046985,0.88183,0.015083,0.015392,0.018078,0.87452,0.81821,0.59605,0.68399,0.73511,0.70529,0.020353,0.89227,0.54268,0.039922,0.85601,0.87756,0.89352,0.87672,0.89534,0.85282,0.88651,0.89308,0.87666,0.89075,0.88822,0.87983,0.8806,0.89095,0.86036,0.87327,0.85992,0.887,0.88745,0.89817,0.89114,0.88046,0.88679,0.89411,0.87748,0.63183,0.62044,0.61564,0.62382,0.026169,0.043445,0.023277,0.71064,0.6872,0.7493,0.72834,0.65284,0.70464,0.67448,0.6648,0.014725,0.0095555,0.029141,0.019439,0.016601,0.55742,0.017616,0.7003,0.011416,0.7078,0.7211,0.62775,0.024138,0.3173,0.74439,0.88527,0.72228,0.036825,0.046183,0.657,0.055975,0.66581,0.036497,0.035031,0.64366,0.01374,0.16987,0.092939,0.8519,0.69348,0.10019,0.86673,0.86333,0.021915,0.56768,0.87626,0.85549,0.020425,0.6758,0.022628,0.88659
0.66845,0.65793,0.16884,0.64309,0.048454,0.054771,0.90423,0.61824,0.67167,0.88569,0.90184,0.89299,0.037971,0.48022,0.711,0.61954,0.028311,0.9048,0.56184,0.89534,0,0.89756,0.70921,0.89127,0.85847,0.65799,0.076489,0.60352,0.035013,0.029429,0.89623,0.019397,0.89853,0.60776,0.87423,0.89089,0.070961,0.57256,0.62063,0.020226,0.62008,0.038071,0.047669,0.87667,0.059773,0.074469,0.57515,0.052624,0.60994,0.082897,0.81332,0.61086,0.72015,0.064956,0.89993,0.014254,0.050331,0.73682,0.67706,0.87841,0.073509,0.5558,0.90132,0.7155,0.64373,0.89307,0.04912,0.90239,0.76484,0.89837,0.74902,0.66966,0.041681,0.8978,0.089658,0.89583,0.036986,0.65567,0.033173,0.55411,0.62384,0.90576,0.89526,0.71501,0.55814,0.90537,0.69357,0.041079,0.67497,0.061214,0.89015,0.67846,0.60367,0.61811,0.1066,0.89161,0.90033,0.59292,0.61967,0.6241,0.7091,0.50268,0.6861,0.68037,0.66547,0.065585,0.89807,0.88113,0.63565,0.88956,0.65216,0.64962,0.051488,0.032491,0.69184,0.71887,0.059275,0.89897,0.89371,0.69693,0.89153,0.057592,0.90097,0.036929,0.90267,0.58634,0.65421,0.65609,0.90252,0.9027,0.58168,0.036481,0.89497,0.044986,0.9006,0.90006,0.90135,0.056441,0.08296,0.68267,0.60962,0.56493,0.63042,0.8941,0.038945,0.638,0.86487,0.062466,0.039168,0.035561,0.058161,0.036144,0.07546,0.027841,0.032884,0.052291,0.027895,0.042489,0.02743,0.047958,0.045713,0.077219,0.062477,0.073997,0.046578,0.046798,0.037042,0.032129,0.051853,0.043083,0.040248,0.036556,0.67598,0.6641,0.68079,0.68252,0.88092,0.87032,0.89003,0.53874,0.58468,0.53273,0.55759,0.59542,0.57774,0.51552,0.60629,0.90277,0.89339,0.90149,0.90221,0.90062,0.63791,0.88389,0.62129,0.90074,0.60897,0.49795,0.65705,0.90863,0.73548,0.55501,0.062069,0.55945,0.88351,0.89634,0.6009,0.88788,0.62146,0.89866,0.89817,0.64701,0.88557,0.80179,0.88548,0.12314,0.53582,0.88774,0.069861,0.088666,0.8936,0.70149,0.094995,0.063645,0.87548,0.62352,0.87327,0.060636
