0,0.045605,0.54358,0.07229,0.6101,0.58942,0.62936,0.44704,0.12628,0.58733,0.62014,0.59833,0.63251,0.36987,0.28643,0.37685,0.62705,0.62644,0.34407,0.59507,0.60585,0.62354,0.046291,0.60978,0.56827,0.043087,0.58371,0.38795,0.61711,0.64299,0.59027,0.65216,0.62011,0.41612,0.47619,0.58625,0.59364,0.33126,0.40304,0.62423,0.39772,0.60912,0.61421,0.60602,0.58765,0.58288,0.15874,0.58367,0.38379,0.58259,0.46515,0.4111,0.30476,0.60556,0.62713,0.6295,0.63058,0.12264,0.09547,0.60238,0.59706,0.44763,0.61925,0.30299,0.13153,0.6012,0.62395,0.62808,0.28605,0.62422,0.31503,0.022562,0.64148,0.62222,0.54077,0.62514,0.63248,0.030701,0.63381,0.4004,0.10374,0.63142,0.62318,0.30639,0.4205,0.62286,0.090597,0.63208,0.17826,0.5872,0.61982,0.030798,0.18005,0.070771,0.52867,0.60731,0.62598,0.3932,0.38961,0.12432,0.29477,0.36833,0.032817,0.037697,0.041291,0.61227,0.62403,0.61638,0.10958,0.62103,0.054489,0.028786,0.62631,0.6276,0.022128,0.32789,0.57832,0.62583,0.59911,0.27919,0.60548,0.62868,0.62463,0.6392,0.59366,0.40252,0.037456,0.036361,0.62853,0.62894,0.39198,0.63598,0.6374,0.63154,0.62874,0.62528,0.62386,0.59604,0.56254,0.095024,0.36532,0.45775,0.41374,0.61208,0.63643,0.10966,0.56324,0.60465,0.62443,0.62499,0.60939,0.63254,0.59856,0.6263,0.64546,0.63127,0.62615,0.62508,0.6374,0.62407,0.63412,0.59541,0.60804,0.56925,0.62827,0.64066,0.62735,0.63906,0.63241,0.63142,0.64104,0.62744,0.012843,0.018115,0.033689,0.042694,0.60835,0.56266,0.62661,0.39405,0.3071,0.42334,0.44543,0.40198,0.38695,0.36648,0.32232,0.62663,0.59883,0.62448,0.61719,0.6288,0.14933,0.6053,0.41791,0.62718,0.40896,0.4148,0.01232,0.6297,0.31513,0.44351,0.60852,0.39007,0.64293,0.6561,0.082037,0.65913,0.11773,0.64208,0.64424,0.0479,0.61937,0.50023,0.67451,0.52967,0.15022,0.65698,0.58797,0.57831,0.60182,0.07252,0.50545,0.60659,0.58123,0.37614,0.60961,0.59601
0.045605,0,0.50471,0.077334,0.56832,0.54757,0.61604,0.43478,0.10539,0.57495,0.60682,0.58618,0.59034,0.34378,0.2771,0.35748,0.58497,0.6135,0.32772,0.58183,0.56397,0.61045,0.069782,0.59674,0.55471,0.069553,0.542,0.37373,0.5749,0.60077,0.5783,0.60979,0.60705,0.40411,0.45837,0.5755,0.55171,0.31964,0.39049,0.58164,0.38545,0.56694,0.57191,0.59163,0.5456,0.54097,0.13273,0.54249,0.37153,0.54178,0.45156,0.39922,0.29564,0.56411,0.61427,0.58673,0.58868,0.14193,0.10753,0.58781,0.55494,0.43032,0.60602,0.29339,0.12352,0.58803,0.58192,0.6147,0.2826,0.61086,0.30786,0.063102,0.59962,0.60865,0.49842,0.61204,0.59078,0.046389,0.59177,0.38092,0.074542,0.61842,0.6099,0.2958,0.40305,0.6099,0.090921,0.59014,0.17474,0.54561,0.60622,0.066976,0.16445,0.055792,0.48622,0.59404,0.61266,0.38131,0.37899,0.11701,0.2846,0.34278,0.065061,0.057259,0.060509,0.57035,0.61044,0.60134,0.10235,0.60643,0.036302,0.037747,0.5843,0.5855,0.05547,0.3177,0.53622,0.61268,0.587,0.26763,0.59234,0.58682,0.61126,0.59707,0.58271,0.38601,0.021657,0.052024,0.61525,0.61538,0.37256,0.59414,0.62207,0.58933,0.6157,0.612,0.61071,0.5542,0.52043,0.098269,0.35346,0.44059,0.40284,0.59868,0.59429,0.10576,0.5491,0.56224,0.58209,0.58296,0.56744,0.59066,0.55622,0.58399,0.60322,0.58917,0.5844,0.58315,0.59483,0.58198,0.59206,0.55337,0.5659,0.52743,0.58624,0.59858,0.58557,0.59686,0.59035,0.58936,0.59915,0.58497,0.038949,0.058783,0.067422,0.075186,0.59349,0.55021,0.61168,0.3731,0.29027,0.40244,0.42947,0.38556,0.36563,0.3474,0.30734,0.61338,0.58626,0.61142,0.60409,0.6154,0.13568,0.59081,0.4071,0.61388,0.39595,0.39206,0.047995,0.61646,0.30527,0.42755,0.56706,0.37511,0.62707,0.64106,0.056118,0.64287,0.10288,0.62736,0.62956,0.045452,0.60487,0.48597,0.65705,0.48812,0.12636,0.64138,0.54588,0.5364,0.58972,0.089949,0.46224,0.56428,0.56743,0.36649,0.59472,0.55471
0.54358,0.50471,0,0.5217,0.10068,0.089596,0.88186,0.52608,0.54259,0.85821,0.87443,0.86953,0.12696,0.32659,0.62207,0.4669,0.11971,0.88282,0.4092,0.8529,0.10012,0.87814,0.57032,0.8701,0.83704,0.55294,0.08266,0.47968,0.11603,0.13477,0.86562,0.14591,0.8767,0.49576,0.73809,0.86651,0.09356,0.45857,0.48301,0.13148,0.49042,0.1095,0.11797,0.85887,0.09699,0.087534,0.43968,0.083542,0.47871,0.089894,0.74869,0.48667,0.63246,0.091049,0.88315,0.13851,0.12411,0.63217,0.58577,0.85433,0.10185,0.44804,0.87663,0.62484,0.532,0.86016,0.11677,0.88172,0.69052,0.87647,0.69396,0.55012,0.13012,0.87657,0.08875,0.88125,0.11643,0.53534,0.12394,0.40872,0.45746,0.88833,0.87826,0.6247,0.43076,0.88046,0.55326,0.12016,0.5728,0.08742,0.87304,0.56257,0.48619,0.48659,0.093253,0.86707,0.88056,0.48073,0.50552,0.52046,0.62128,0.33364,0.5671,0.56139,0.54433,0.10516,0.87851,0.85986,0.52011,0.86896,0.49897,0.51904,0.11758,0.12197,0.55899,0.63846,0.090653,0.8812,0.87047,0.61221,0.86545,0.11654,0.87976,0.13012,0.87293,0.43718,0.52031,0.53572,0.88232,0.88085,0.40477,0.12304,0.87151,0.12584,0.88259,0.87978,0.87851,0.092557,0.12578,0.54428,0.48202,0.45216,0.50545,0.87153,0.12827,0.5372,0.8327,0.11285,0.12449,0.11682,0.10446,0.11929,0.10952,0.12589,0.13765,0.12296,0.11188,0.11467,0.13879,0.11759,0.12505,0.09772,0.10798,0.079476,0.11932,0.13005,0.11496,0.13146,0.12324,0.12226,0.12697,0.12946,0.53901,0.55431,0.56758,0.57129,0.85587,0.84033,0.86897,0.40284,0.43004,0.39044,0.45248,0.48008,0.41787,0.41384,0.46018,0.88222,0.86888,0.87862,0.87473,0.88112,0.51219,0.85567,0.5069,0.87932,0.48268,0.37735,0.54072,0.88561,0.67243,0.44311,0.0927,0.43798,0.8739,0.88827,0.46353,0.88173,0.4637,0.87973,0.87907,0.50774,0.86282,0.75708,0.87622,0.10795,0.40801,0.86985,0.11533,0.11391,0.87443,0.58166,0.13396,0.11735,0.84234,0.50611,0.85609,0.082547
0.07229,0.077334,0.5217,0,0.59089,0.56881,0.68082,0.49395,0.14742,0.63846,0.67162,0.64935,0.61106,0.38914,0.35078,0.42252,0.60694,0.67811,0.37327,0.64739,0.58549,0.67551,0.1137,0.66079,0.61705,0.042453,0.56419,0.43159,0.59878,0.62363,0.6409,0.63392,0.67171,0.45878,0.51965,0.6399,0.57396,0.36947,0.44437,0.60348,0.44095,0.58951,0.59272,0.65478,0.57089,0.56369,0.1963,0.5685,0.42517,0.56954,0.51832,0.45176,0.36937,0.58677,0.67918,0.61085,0.6145,0.18393,0.092684,0.65109,0.57596,0.48323,0.66991,0.36769,0.1958,0.65291,0.60545,0.67894,0.33905,0.67602,0.36549,0.065248,0.62468,0.67251,0.5222,0.6764,0.61369,0.044655,0.6133,0.43228,0.13556,0.68229,0.67428,0.37018,0.45406,0.67424,0.15861,0.61237,0.24628,0.57071,0.67061,0.062571,0.23343,0.043027,0.51165,0.65779,0.67691,0.43385,0.43522,0.18629,0.35873,0.38878,0.10125,0.094758,0.039151,0.5927,0.67401,0.66541,0.17166,0.66967,0.099021,0.055082,0.60738,0.60594,0.078886,0.39203,0.55948,0.67712,0.65012,0.34142,0.65657,0.61008,0.67524,0.62032,0.64641,0.43755,0.090247,0.038176,0.67973,0.67973,0.42312,0.61805,0.68728,0.6117,0.6808,0.67645,0.67557,0.57626,0.55353,0.16311,0.40843,0.49331,0.45753,0.66175,0.61567,0.17573,0.60934,0.58588,0.60388,0.60462,0.5888,0.61255,0.57709,0.60489,0.62458,0.61162,0.60697,0.60473,0.6183,0.60465,0.61321,0.57513,0.58776,0.55062,0.60808,0.62135,0.60931,0.61884,0.61313,0.61167,0.62245,0.60724,0.081132,0.064252,0.071888,0.066854,0.65716,0.61272,0.67572,0.42653,0.34423,0.45155,0.48041,0.44683,0.42351,0.40044,0.36565,0.67736,0.64848,0.67667,0.66847,0.68005,0.20908,0.6548,0.46155,0.67901,0.45031,0.4426,0.060908,0.68013,0.36927,0.47634,0.58912,0.4238,0.69135,0.70649,0.091067,0.70789,0.1517,0.69272,0.69589,0.093948,0.67038,0.55642,0.72462,0.50137,0.12492,0.71111,0.56216,0.55135,0.65211,0.1409,0.49447,0.59111,0.63119,0.42189,0.65862,0.57785
0.6101,0.56832,0.10068,0.59089,0,0.025438,0.87958,0.57774,0.59144,0.85976,0.87279,0.87053,0.035017,0.39237,0.65875,0.51414,0.022191,0.88121,0.47941,0.85331,0.01284,0.87663,0.63253,0.86935,0.83829,0.6205,0.026727,0.53625,0.016419,0.03613,0.86729,0.046921,0.87536,0.55434,0.74242,0.87041,0.018476,0.52639,0.54306,0.038537,0.54931,0.015312,0.032076,0.85645,0.029984,0.027802,0.50278,0.048171,0.54028,0.067429,0.75954,0.54771,0.6676,0.012759,0.88167,0.039474,0.035148,0.68835,0.64558,0.85197,0.027608,0.50383,0.87494,0.66059,0.58989,0.86005,0.016865,0.8793,0.72404,0.87459,0.72249,0.6192,0.039032,0.87423,0.072026,0.87944,0.023311,0.60172,0.028411,0.46894,0.52296,0.88613,0.87636,0.65901,0.49068,0.87899,0.61194,0.022993,0.62533,0.033133,0.87093,0.62916,0.54575,0.55593,0.084722,0.86612,0.87838,0.54286,0.56462,0.58162,0.65686,0.39913,0.63117,0.62336,0.61097,0.0066173,0.87594,0.85603,0.5818,0.8652,0.56501,0.58726,0.017832,0.032268,0.62351,0.67098,0.033674,0.87929,0.87144,0.64764,0.86491,0.019661,0.87755,0.031317,0.8759,0.49829,0.58348,0.60263,0.88008,0.87818,0.46651,0.028874,0.86608,0.027172,0.8808,0.87775,0.87685,0.015636,0.093616,0.60651,0.54354,0.50738,0.56449,0.86994,0.033159,0.59703,0.83329,0.021967,0.029422,0.020702,0.015511,0.023592,0.03504,0.034692,0.042624,0.024199,0.016177,0.019072,0.038715,0.017729,0.030982,0.02155,0.018061,0.040948,0.022397,0.032163,0.020735,0.034256,0.024208,0.023972,0.031794,0.032748,0.60443,0.62148,0.63266,0.63686,0.85277,0.84337,0.86454,0.46066,0.4948,0.45044,0.51122,0.53099,0.47122,0.47512,0.52056,0.88002,0.8691,0.87715,0.87347,0.87873,0.56945,0.85336,0.56593,0.87731,0.54172,0.43544,0.60824,0.88315,0.70034,0.5042,0.010237,0.50319,0.86713,0.882,0.53289,0.87346,0.53411,0.87484,0.87436,0.57594,0.85984,0.76555,0.86587,0.11735,0.4842,0.86416,0.07187,0.083227,0.87509,0.64175,0.12562,0.033852,0.8426,0.56699,0.8529,0.023523
0.58942,0.54757,0.089596,0.56881,0.025438,0,0.86866,0.57343,0.57015,0.84781,0.86174,0.85863,0.045047,0.3843,0.6445,0.50716,0.038558,0.87017,0.47051,0.84213,0.016724,0.8657,0.61233,0.85791,0.8258,0.59889,0.012548,0.5297,0.035225,0.055906,0.85511,0.068092,0.86425,0.54885,0.7284,0.85864,0.0091322,0.51706,0.53706,0.043445,0.54304,0.023297,0.031076,0.84479,0.031962,0.013208,0.48577,0.05421,0.5334,0.07512,0.74656,0.54198,0.65386,0.029193,0.87072,0.051636,0.059053,0.66868,0.62323,0.8403,0.013388,0.50038,0.8636,0.64703,0.57257,0.84874,0.039995,0.86821,0.70639,0.86371,0.70526,0.5984,0.064104,0.86295,0.052003,0.86832,0.048078,0.58034,0.044776,0.46324,0.50392,0.87494,0.86522,0.64541,0.48589,0.86782,0.59314,0.043902,0.60903,0.038125,0.85978,0.6079,0.53023,0.53443,0.066779,0.85457,0.86725,0.53636,0.55784,0.56428,0.64291,0.39109,0.61083,0.60262,0.58934,0.025077,0.86461,0.84484,0.56398,0.8538,0.54516,0.56639,0.040476,0.040176,0.60263,0.65794,0.018322,0.86821,0.85954,0.63298,0.85347,0.044357,0.86632,0.053022,0.86403,0.49256,0.56311,0.58113,0.86905,0.86714,0.46034,0.053934,0.85557,0.044001,0.86996,0.86667,0.86587,0.010371,0.095687,0.58827,0.53583,0.5044,0.55876,0.85828,0.047837,0.57911,0.82023,0.026346,0.038539,0.036024,0.020202,0.043897,0.022176,0.040961,0.057441,0.043417,0.040392,0.035926,0.054286,0.036949,0.045215,0.0085058,0.020702,0.025646,0.039449,0.053266,0.046076,0.050929,0.045274,0.043277,0.05584,0.04301,0.58395,0.60049,0.61144,0.61541,0.84133,0.83079,0.85348,0.45471,0.48448,0.44595,0.5075,0.52517,0.46497,0.46769,0.51106,0.86882,0.85697,0.86629,0.86225,0.86777,0.55271,0.84193,0.56037,0.86647,0.53602,0.43059,0.58736,0.8719,0.68411,0.50034,0.027735,0.49667,0.85647,0.87181,0.51259,0.8633,0.51596,0.86439,0.86425,0.5561,0.84909,0.7544,0.85694,0.092264,0.46341,0.85557,0.052756,0.062203,0.86302,0.62207,0.1129,0.047723,0.83071,0.55957,0.84155,0.032083
0.62936,0.61604,0.88186,0.68082,0.87958,0.86866,0,0.67313,0.54112,0.046345,0.009221,0.039757,0.89528,0.7211,0.38332,0.60296,0.88891,0.0061339,0.71877,0.03639,0.87858,0.0086067,0.58882,0.022564,0.072698,0.65542,0.86369,0.66281,0.8741,0.89513,0.050716,0.89492,0.0098792,0.69575,0.17858,0.055118,0.86737,0.69163,0.69606,0.87953,0.68243,0.87332,0.88028,0.041932,0.85162,0.85884,0.60295,0.85684,0.68965,0.85328,0.16623,0.70836,0.37172,0.88041,0.0080952,0.87321,0.88029,0.53359,0.62172,0.04423,0.87069,0.72319,0.017258,0.38032,0.54422,0.028227,0.88239,0.0092341,0.35496,0.0077845,0.32316,0.65009,0.89115,0.018162,0.82253,0.0078396,0.89487,0.64249,0.89565,0.71045,0.61826,0.013995,0.0089332,0.37105,0.72282,0.0097768,0.55179,0.89368,0.49735,0.85781,0.013199,0.63991,0.56959,0.66973,0.80851,0.027558,0.0093888,0.70052,0.67264,0.56806,0.37837,0.71824,0.60463,0.59722,0.6497,0.87991,0.021804,0.034336,0.57285,0.036703,0.61998,0.64686,0.88593,0.89372,0.61774,0.35746,0.85158,0.0064046,0.039593,0.37908,0.025401,0.88905,0.014078,0.89249,0.047749,0.71167,0.60455,0.64887,0.0049444,0.0089943,0.71158,0.8919,0.029924,0.88894,0.0077994,0.0066761,0.0062536,0.87092,0.80281,0.57326,0.67365,0.72942,0.69373,0.032596,0.89655,0.55728,0.097486,0.86353,0.88381,0.88938,0.88048,0.8959,0.86895,0.88838,0.90143,0.8902,0.8911,0.89106,0.88397,0.88455,0.89665,0.86858,0.87545,0.84955,0.891,0.89581,0.88736,0.89549,0.89032,0.89125,0.89705,0.88253,0.61883,0.63917,0.62807,0.63666,0.039799,0.074192,0.03055,0.69398,0.66216,0.73327,0.73577,0.64169,0.66169,0.68684,0.64041,0.012878,0.048179,0.010869,0.013641,0.0029052,0.54546,0.03497,0.69716,0.0062557,0.69541,0.71871,0.6404,0.017496,0.3148,0.74858,0.88431,0.72335,0.043617,0.036251,0.65306,0.052544,0.64301,0.023717,0.031142,0.63308,0.020691,0.15704,0.081749,0.85006,0.71448,0.090903,0.87635,0.87498,0.044559,0.56581,0.7599,0.85493,0.052493,0.67264,0.037265,0.87414
0.44704,0.43478,0.52608,0.49395,0.57774,0.57343,0.67313,0,0.49105,0.65332,0.666,0.66446,0.61171,0.21084,0.35898,0.10528,0.59848,0.67227,0.16423,0.63951,0.5831,0.66571,0.44305,0.66548,0.65098,0.48686,0.56156,0.066379,0.58231,0.60656,0.66359,0.60819,0.66722,0.051885,0.59607,0.64172,0.57139,0.13906,0.066955,0.60717,0.060729,0.58429,0.60109,0.67201,0.55176,0.56132,0.30828,0.53075,0.081328,0.51476,0.54013,0.069394,0.35837,0.56858,0.66973,0.60011,0.57473,0.46493,0.53491,0.66815,0.58474,0.089775,0.67423,0.34659,0.34058,0.65097,0.58582,0.67763,0.50834,0.66547,0.52092,0.45524,0.58595,0.67714,0.53657,0.67406,0.58957,0.46963,0.6051,0.12413,0.36599,0.68353,0.67247,0.35438,0.10634,0.67237,0.39297,0.59761,0.33676,0.54464,0.67012,0.47711,0.27579,0.4569,0.52182,0.66666,0.67597,0.079804,0.06302,0.33307,0.35582,0.20428,0.44595,0.45842,0.48364,0.58298,0.68121,0.6714,0.34677,0.68255,0.40179,0.44477,0.58971,0.60871,0.46154,0.35613,0.55853,0.67382,0.66546,0.37045,0.66061,0.58756,0.67758,0.5999,0.6544,0.1022,0.42742,0.47462,0.6756,0.67741,0.13108,0.58851,0.67626,0.60144,0.66913,0.67336,0.66806,0.57249,0.49597,0.36742,0.090378,0.09086,0.051288,0.67678,0.60966,0.35792,0.66511,0.5791,0.60266,0.59783,0.58784,0.59898,0.59072,0.60887,0.61808,0.59862,0.58809,0.59661,0.60566,0.59221,0.60813,0.57759,0.58721,0.54825,0.59911,0.60298,0.58257,0.60893,0.59678,0.59887,0.59652,0.60412,0.43813,0.46347,0.47822,0.4888,0.66914,0.64458,0.67941,0.12662,0.15947,0.14356,0.094229,0.062083,0.11498,0.12855,0.13021,0.67897,0.67396,0.66435,0.66775,0.67411,0.31883,0.66367,0.050305,0.66785,0.061716,0.1511,0.45358,0.68437,0.48175,0.11044,0.57428,0.11726,0.68978,0.68818,0.40769,0.69505,0.34252,0.67799,0.66936,0.40462,0.65904,0.51899,0.67977,0.58233,0.42369,0.63892,0.60932,0.60858,0.67427,0.43285,0.48756,0.55991,0.64764,0.078314,0.66789,0.55697
0.12628,0.10539,0.54259,0.14742,0.59144,0.57015,0.54112,0.49105,0,0.49863,0.532,0.50936,0.60994,0.40899,0.25331,0.40275,0.60569,0.53861,0.40313,0.50888,0.58619,0.53636,0.11217,0.5207,0.47522,0.13394,0.56583,0.43366,0.59555,0.62065,0.50062,0.62887,0.53216,0.46839,0.37504,0.50282,0.57407,0.39325,0.45614,0.59883,0.44909,0.58752,0.59089,0.51275,0.568,0.56373,0.19855,0.56994,0.43824,0.57111,0.38245,0.46659,0.27147,0.58928,0.54005,0.60345,0.61125,0.13102,0.10134,0.50907,0.57554,0.4937,0.52945,0.27297,0.16328,0.51363,0.60348,0.53863,0.21141,0.53673,0.2311,0.1456,0.62216,0.53169,0.51953,0.53648,0.61408,0.12079,0.61252,0.4461,0.15695,0.54194,0.53423,0.27153,0.46942,0.53444,0.12442,0.61182,0.18983,0.57071,0.5303,0.12848,0.21823,0.14523,0.50734,0.51722,0.53667,0.44923,0.44206,0.17279,0.26071,0.40823,0.12019,0.098406,0.12513,0.59251,0.5329,0.52368,0.1611,0.52749,0.13379,0.13447,0.60588,0.60553,0.11388,0.29275,0.55802,0.53723,0.51011,0.23775,0.5166,0.60935,0.53471,0.61769,0.50828,0.45295,0.10576,0.12514,0.53974,0.53936,0.43898,0.61673,0.54635,0.6093,0.54172,0.53646,0.53614,0.57706,0.54243,0.15445,0.41913,0.504,0.46736,0.52042,0.61432,0.15231,0.46565,0.58169,0.60105,0.60402,0.58906,0.61259,0.57526,0.60283,0.62243,0.60993,0.60746,0.60481,0.61264,0.60294,0.6125,0.57483,0.58654,0.55114,0.60727,0.61935,0.60863,0.61663,0.61138,0.6103,0.62129,0.60322,0.12002,0.13122,0.11902,0.12407,0.51523,0.47207,0.53397,0.43488,0.35827,0.46805,0.49611,0.4385,0.42151,0.41228,0.3693,0.53692,0.50724,0.53777,0.52863,0.54014,0.17745,0.51346,0.47185,0.53973,0.46061,0.45464,0.1314,0.53938,0.23798,0.49665,0.59198,0.44651,0.54914,0.56591,0.15518,0.56607,0.19484,0.55237,0.55669,0.14619,0.53052,0.42614,0.58498,0.50859,0.21343,0.57621,0.564,0.55492,0.51145,0.11643,0.47908,0.58494,0.49033,0.43134,0.51688,0.58101
0.58733,0.57495,0.85821,0.63846,0.85976,0.84781,0.046345,0.65332,0.49863,0,0.038214,0.012096,0.87576,0.69543,0.34846,0.58061,0.86954,0.04237,0.69149,0.030454,0.85836,0.042797,0.54645,0.024422,0.033839,0.61254,0.84287,0.63957,0.85493,0.87655,0.012749,0.87703,0.036877,0.67326,0.14134,0.031147,0.84693,0.66406,0.67278,0.86011,0.65915,0.85353,0.86021,0.035594,0.83177,0.83815,0.56746,0.83693,0.66532,0.83374,0.12904,0.68518,0.33797,0.86042,0.044907,0.85463,0.86207,0.49014,0.57755,0.035332,0.85008,0.70229,0.033668,0.34724,0.50604,0.024183,0.86333,0.043168,0.31044,0.044306,0.27856,0.60788,0.87308,0.037979,0.80061,0.040048,0.87588,0.60015,0.87637,0.687,0.58008,0.044747,0.03868,0.33779,0.70017,0.037646,0.51118,0.87452,0.45973,0.83784,0.036891,0.59701,0.53492,0.62865,0.78653,0.022984,0.040969,0.67645,0.64896,0.53015,0.34425,0.69258,0.56226,0.55458,0.60697,0.86012,0.040007,0.045933,0.53433,0.046797,0.57982,0.60532,0.86682,0.87396,0.57513,0.32562,0.83089,0.04112,0.013083,0.3433,0.021787,0.87004,0.039336,0.87388,0.023047,0.68818,0.56332,0.60644,0.044043,0.044812,0.68756,0.87332,0.064998,0.86985,0.04768,0.040909,0.041624,0.8505,0.78409,0.53365,0.64854,0.70896,0.67104,0.030046,0.87733,0.51818,0.063147,0.8439,0.86435,0.86985,0.86034,0.87666,0.84838,0.86873,0.88252,0.8711,0.87181,0.8715,0.86543,0.86527,0.87729,0.84808,0.85543,0.82848,0.87163,0.8771,0.86843,0.87654,0.87135,0.87211,0.87847,0.86331,0.57705,0.59666,0.58503,0.5934,0.040122,0.029027,0.05195,0.67067,0.6341,0.7106,0.71422,0.62004,0.63882,0.66191,0.61357,0.040858,0.022752,0.045228,0.032776,0.045351,0.50856,0.03321,0.67463,0.046632,0.67256,0.69601,0.5983,0.043603,0.27253,0.72646,0.86426,0.69865,0.072763,0.0795,0.61351,0.089296,0.60541,0.065471,0.073198,0.5927,0.047538,0.13453,0.12123,0.82531,0.67608,0.1245,0.85425,0.85223,0.021042,0.52359,0.73861,0.83622,0.020334,0.64802,0.040526,0.85393
0.62014,0.60682,0.87443,0.67162,0.87279,0.86174,0.009221,0.666,0.532,0.038214,0,0.033091,0.8886,0.71309,0.3745,0.59538,0.88223,0.0084314,0.7106,0.027803,0.87175,0.0071982,0.57962,0.015322,0.064998,0.64622,0.85675,0.65517,0.86742,0.88856,0.043975,0.88844,0.0037159,0.68824,0.17033,0.048223,0.8605,0.68348,0.68844,0.87288,0.67481,0.86656,0.87353,0.037321,0.8448,0.85192,0.59398,0.84994,0.68189,0.84639,0.15708,0.70076,0.36301,0.87357,0.010534,0.86666,0.8737,0.52449,0.61263,0.039016,0.86383,0.71583,0.014017,0.37166,0.53512,0.01905,0.87572,0.012112,0.34593,0.0070058,0.31411,0.64088,0.88459,0.016738,0.81544,0.008404,0.88819,0.63328,0.88898,0.70273,0.60914,0.017905,0.0071829,0.36235,0.71522,0.0079605,0.54259,0.88701,0.48833,0.85094,0.0090318,0.63071,0.5607,0.66053,0.80138,0.0209,0.010549,0.6928,0.665,0.55897,0.3696,0.71023,0.59542,0.58801,0.6405,0.87313,0.021384,0.031646,0.56373,0.035442,0.61077,0.63764,0.87925,0.887,0.60853,0.34892,0.84467,0.0079139,0.033109,0.37014,0.017067,0.88237,0.013975,0.8859,0.041323,0.70397,0.59533,0.63966,0.0097466,0.012524,0.70379,0.88528,0.033213,0.8823,0.011593,0.0074255,0.0048342,0.86405,0.79605,0.56411,0.66579,0.72211,0.68621,0.028662,0.8899,0.54814,0.091099,0.85679,0.87713,0.88267,0.87367,0.88922,0.86212,0.88168,0.89484,0.88354,0.88439,0.88434,0.87742,0.87786,0.88998,0.86171,0.86867,0.84256,0.88431,0.88921,0.88068,0.88888,0.88368,0.88459,0.89044,0.87589,0.60961,0.62996,0.61888,0.62747,0.035477,0.065982,0.030763,0.68627,0.65391,0.72564,0.72833,0.63423,0.65403,0.67894,0.63231,0.014174,0.042819,0.01058,0.0069607,0.0091105,0.53641,0.029154,0.68966,0.0090868,0.68784,0.71107,0.63118,0.019913,0.3056,0.74106,0.87747,0.71551,0.046884,0.043255,0.64388,0.057863,0.63391,0.029428,0.036132,0.62387,0.017749,0.14909,0.086584,0.8427,0.70537,0.093365,0.86937,0.86791,0.039467,0.55662,0.75284,0.84828,0.044116,0.66489,0.032983,0.86725
0.59833,0.58618,0.86953,0.64935,0.87053,0.85863,0.039757,0.66446,0.50936,0.012096,0.033091,0,0.88635,0.70742,0.36003,0.59221,0.88019,0.035291,0.70341,0.034613,0.86911,0.03757,0.55733,0.018667,0.040991,0.6233,0.85374,0.65111,0.8656,0.88711,0.011288,0.88753,0.03099,0.68469,0.15114,0.034179,0.85773,0.67586,0.68431,0.87065,0.67065,0.86422,0.87084,0.033302,0.84259,0.84899,0.5794,0.84789,0.67691,0.84476,0.14097,0.69668,0.34948,0.87126,0.038535,0.86513,0.87275,0.50051,0.58778,0.034607,0.86081,0.7138,0.025964,0.35878,0.51763,0.025115,0.87401,0.035527,0.32051,0.039467,0.28871,0.61883,0.88372,0.030613,0.81155,0.032562,0.88658,0.61108,0.88699,0.69877,0.59179,0.035453,0.031787,0.3494,0.71183,0.030211,0.52244,0.88518,0.47121,0.84873,0.031182,0.60777,0.5468,0.63986,0.79751,0.017818,0.033438,0.68802,0.6604,0.54177,0.35585,0.70456,0.57314,0.56543,0.61779,0.87085,0.032044,0.043319,0.5459,0.041607,0.59123,0.61646,0.87749,0.88458,0.58597,0.33713,0.84172,0.033848,0.0010257,0.35499,0.01865,0.88073,0.031449,0.88448,0.022106,0.69987,0.57453,0.61735,0.036728,0.037581,0.69936,0.88399,0.060795,0.88045,0.041755,0.033919,0.03582,0.8613,0.79499,0.54502,0.66016,0.72043,0.68244,0.022911,0.88792,0.52966,0.067302,0.85458,0.87495,0.88051,0.87107,0.88732,0.85906,0.87931,0.89305,0.88173,0.88253,0.88218,0.87595,0.87593,0.8879,0.85885,0.86613,0.83939,0.88227,0.8877,0.87914,0.88711,0.88198,0.88275,0.8891,0.87388,0.58811,0.60753,0.59574,0.60404,0.038634,0.037979,0.047228,0.68245,0.64602,0.72235,0.72575,0.63152,0.65056,0.67374,0.62537,0.032556,0.017152,0.040364,0.026611,0.038611,0.52031,0.032449,0.68601,0.041218,0.68406,0.70779,0.60929,0.034456,0.28354,0.73805,0.87508,0.71039,0.067746,0.073448,0.62502,0.083966,0.61715,0.060199,0.06915,0.60407,0.045694,0.14559,0.11812,0.83621,0.68771,0.12394,0.86493,0.86294,0.011744,0.53447,0.7496,0.84692,0.028512,0.65951,0.039044,0.86483
0.63251,0.59034,0.12696,0.61106,0.035017,0.045047,0.89528,0.61171,0.60994,0.87576,0.8886,0.88635,0,0.42613,0.68345,0.54658,0.014691,0.89701,0.51296,0.86978,0.030633,0.89261,0.65511,0.88506,0.8536,0.64141,0.054308,0.56991,0.031652,0.022729,0.88304,0.036204,0.8912,0.58854,0.7573,0.88744,0.042883,0.55964,0.5772,0.017478,0.58327,0.028095,0.019258,0.87129,0.060363,0.054045,0.52974,0.082985,0.57421,0.10174,0.77794,0.58201,0.69242,0.046565,0.89762,0.028944,0.052717,0.71062,0.66405,0.86685,0.035497,0.53843,0.89039,0.68575,0.61565,0.87617,0.030198,0.89474,0.74377,0.8905,0.74136,0.64166,0.049009,0.8895,0.093563,0.89508,0.034028,0.62295,0.011623,0.50324,0.54775,0.90152,0.89196,0.68379,0.52521,0.8947,0.63597,0.020875,0.65126,0.067445,0.88645,0.65059,0.57372,0.57728,0.10806,0.88164,0.89388,0.57697,0.59838,0.60784,0.6816,0.43289,0.65377,0.64507,0.63175,0.029079,0.89106,0.87089,0.60754,0.87981,0.58868,0.60955,0.026508,0.0056278,0.64533,0.69584,0.058008,0.89494,0.88724,0.67165,0.8807,0.032034,0.89292,0.026173,0.89247,0.53261,0.606,0.62369,0.89566,0.89359,0.50074,0.038478,0.88106,0.014857,0.89676,0.89336,0.89271,0.041543,0.1228,0.63178,0.57712,0.54204,0.59865,0.88507,0.0083795,0.62236,0.84766,0.035504,0.011713,0.014712,0.025791,0.02002,0.034814,0.0080737,0.014216,0.01815,0.030012,0.017069,0.023285,0.021413,0.0076923,0.038584,0.026327,0.068631,0.014846,0.023574,0.038068,0.013574,0.022081,0.01791,0.033322,0.01408,0.62703,0.64343,0.65397,0.65783,0.86762,0.85922,0.8793,0.49472,0.52734,0.48507,0.54593,0.56438,0.50478,0.50885,0.55317,0.89542,0.88436,0.89322,0.88922,0.89434,0.59579,0.86853,0.60014,0.8932,0.5759,0.46989,0.63042,0.89839,0.7204,0.53898,0.041612,0.53746,0.88142,0.89698,0.55626,0.88771,0.56045,0.89007,0.89004,0.59984,0.87551,0.78512,0.88067,0.12172,0.50711,0.88109,0.063036,0.076669,0.89057,0.66475,0.14918,0.057618,0.85823,0.60063,0.86783,0.058083
0.36987,0.34378,0.32659,0.38914,0.39237,0.3843,0.7211,0.21084,0.40899,0.69543,0.71309,0.70742,0.42613,0,0.38959,0.1639,0.41409,0.72066,0.088693,0.68694,0.39592,0.7149,0.38408,0.70968,0.68297,0.39987,0.37295,0.15704,0.39977,0.42512,0.7043,0.42975,0.71466,0.17352,0.59993,0.69259,0.384,0.13594,0.15915,0.4227,0.16608,0.39905,0.4141,0.70807,0.36809,0.37348,0.22067,0.34738,0.15274,0.33421,0.57262,0.1638,0.39742,0.38275,0.71955,0.41955,0.39683,0.43431,0.45099,0.70368,0.39631,0.14217,0.71822,0.38672,0.30448,0.6968,0.40342,0.72325,0.50609,0.71418,0.51837,0.37703,0.40801,0.72013,0.34661,0.72079,0.40708,0.38061,0.42071,0.089606,0.27012,0.72951,0.71847,0.39146,0.11613,0.71928,0.347,0.41405,0.333,0.36039,0.71466,0.39879,0.23531,0.34693,0.33284,0.70875,0.72163,0.15552,0.18021,0.29017,0.38869,0.0070842,0.38296,0.38907,0.3941,0.39758,0.72332,0.7095,0.2976,0.71975,0.31707,0.35491,0.40685,0.42228,0.38824,0.40284,0.37112,0.72073,0.70844,0.38987,0.70464,0.4052,0.72198,0.41866,0.70289,0.11595,0.34718,0.38381,0.72248,0.7229,0.082973,0.408,0.71957,0.41811,0.71921,0.71984,0.71634,0.38501,0.32287,0.32411,0.15584,0.14994,0.18211,0.71656,0.42534,0.31611,0.68811,0.3951,0.41792,0.41276,0.40083,0.41496,0.40248,0.42306,0.43461,0.41533,0.40438,0.4114,0.42472,0.40854,0.42325,0.38983,0.40086,0.35954,0.41461,0.42113,0.40082,0.42577,0.41411,0.41539,0.41554,0.42041,0.36243,0.38554,0.40286,0.41118,0.70561,0.68018,0.7188,0.084704,0.11452,0.08529,0.14427,0.16579,0.10508,0.088431,0.14186,0.72398,0.71226,0.7145,0.71376,0.72124,0.27992,0.70223,0.18406,0.71699,0.16,0.071726,0.37206,0.72862,0.48674,0.13672,0.38792,0.11511,0.72844,0.73514,0.30051,0.73652,0.25378,0.72445,0.7199,0.32229,0.70453,0.56978,0.72815,0.38253,0.2826,0.70174,0.41538,0.41276,0.71508,0.3855,0.30741,0.381,0.68507,0.17989,0.7052,0.37073
0.28643,0.2771,0.62207,0.35078,0.65875,0.6445,0.38332,0.35898,0.25331,0.34846,0.3745,0.36003,0.68345,0.38959,0,0.28309,0.67496,0.38071,0.36499,0.34696,0.65802,0.37608,0.24918,0.36795,0.33911,0.32404,0.63687,0.32847,0.65989,0.68603,0.35509,0.68983,0.37474,0.36297,0.27421,0.34019,0.64493,0.33245,0.35893,0.67159,0.34578,0.65699,0.66661,0.37136,0.62988,0.63409,0.23992,0.62563,0.34672,0.61943,0.2222,0.37094,0.018719,0.65512,0.37982,0.66874,0.66609,0.21406,0.32321,0.36765,0.65127,0.40247,0.37794,0.021359,0.17266,0.356,0.66741,0.38484,0.1553,0.37671,0.16502,0.30558,0.67832,0.38154,0.59356,0.38102,0.67762,0.30849,0.68244,0.37847,0.26169,0.38914,0.37935,0.021639,0.39235,0.37871,0.19649,0.67893,0.12008,0.63096,0.37673,0.30642,0.19463,0.33135,0.57795,0.36751,0.38273,0.35843,0.33336,0.19467,0.010034,0.3856,0.26344,0.2649,0.31944,0.66106,0.38466,0.37772,0.20291,0.38531,0.26678,0.30278,0.671,0.68009,0.28235,0.042084,0.62805,0.38138,0.36094,0.022034,0.36321,0.67286,0.38283,0.68164,0.35096,0.37596,0.26164,0.31563,0.38396,0.38546,0.37652,0.67724,0.39258,0.67742,0.38072,0.38099,0.37745,0.64787,0.5814,0.20629,0.32685,0.41092,0.35942,0.37558,0.68502,0.18946,0.3466,0.64919,0.67257,0.67424,0.66149,0.68052,0.65252,0.67707,0.69291,0.6772,0.67303,0.67477,0.67833,0.67012,0.68381,0.64778,0.65837,0.62097,0.67658,0.68456,0.67027,0.68532,0.67723,0.67783,0.68366,0.67347,0.27469,0.30029,0.29751,0.30885,0.37186,0.33099,0.38727,0.36523,0.30569,0.40689,0.40946,0.32021,0.3372,0.34718,0.28792,0.3845,0.36602,0.37596,0.37337,0.38357,0.17227,0.36669,0.36361,0.37952,0.36105,0.39546,0.29845,0.38891,0.12613,0.4187,0.65958,0.3796,0.40325,0.40878,0.30281,0.41587,0.27494,0.39517,0.39259,0.27708,0.37246,0.23458,0.42129,0.6153,0.36852,0.39131,0.65696,0.6525,0.36712,0.22433,0.53463,0.64081,0.34414,0.32769,0.37194,0.6455
0.37685,0.35748,0.4669,0.42252,0.51414,0.50716,0.60296,0.10528,0.40275,0.58061,0.59538,0.59221,0.54658,0.1639,0.28309,0,0.53421,0.60226,0.1413,0.56874,0.51807,0.59597,0.3715,0.59367,0.57429,0.41685,0.49602,0.068945,0.51775,0.54325,0.59047,0.54546,0.59676,0.1055,0.5092,0.57261,0.5056,0.12279,0.10216,0.53987,0.092517,0.51856,0.53403,0.59699,0.48636,0.49501,0.22774,0.46945,0.0989,0.45571,0.46254,0.11493,0.28467,0.5063,0.6003,0.53358,0.51374,0.3944,0.45809,0.59288,0.51755,0.12319,0.60241,0.27291,0.2652,0.57967,0.5225,0.60652,0.42744,0.59553,0.43751,0.38855,0.52562,0.60494,0.46534,0.60338,0.52824,0.39722,0.54127,0.11202,0.28836,0.61263,0.60147,0.27898,0.12014,0.60174,0.31834,0.53464,0.26371,0.48137,0.59848,0.40756,0.1988,0.38369,0.44973,0.594,0.60486,0.10847,0.094004,0.26046,0.27975,0.15796,0.37593,0.38454,0.41185,0.51872,0.6087,0.59718,0.27375,0.60809,0.32802,0.37391,0.52645,0.54344,0.39005,0.28372,0.4912,0.60321,0.59322,0.29025,0.58867,0.52536,0.60597,0.53702,0.58441,0.10971,0.35156,0.40263,0.60499,0.60624,0.11518,0.52727,0.60426,0.53707,0.5998,0.60256,0.59796,0.50726,0.43014,0.2976,0.091191,0.13102,0.10878,0.60329,0.54541,0.28457,0.58532,0.51242,0.53672,0.53355,0.52259,0.53614,0.52244,0.5427,0.55389,0.53489,0.52587,0.53279,0.54041,0.52811,0.54395,0.51111,0.52122,0.48153,0.53514,0.54017,0.52088,0.54489,0.5335,0.53526,0.53509,0.53802,0.36656,0.39441,0.40745,0.41844,0.59424,0.56931,0.60579,0.09905,0.10786,0.1378,0.13419,0.046675,0.066715,0.095358,0.079029,0.60762,0.59994,0.59501,0.5967,0.60359,0.2406,0.58954,0.11228,0.59812,0.10037,0.12993,0.38389,0.61277,0.39858,0.14589,0.51187,0.12531,0.61606,0.61786,0.33401,0.62263,0.27403,0.6073,0.60035,0.33456,0.58769,0.44796,0.61054,0.5082,0.35351,0.57551,0.53848,0.53705,0.60127,0.36125,0.41128,0.49541,0.57292,0.099622,0.59331,0.49491
0.62705,0.58497,0.11971,0.60694,0.022191,0.038558,0.88891,0.59848,0.60569,0.86954,0.88223,0.88019,0.014691,0.41409,0.67496,0.53421,0,0.89064,0.50121,0.86321,0.022221,0.88615,0.64934,0.87882,0.84776,0.63681,0.045197,0.55729,0.018111,0.017863,0.87697,0.031492,0.88483,0.57563,0.75201,0.88081,0.033914,0.54795,0.56444,0.022285,0.57056,0.01844,0.022282,0.86542,0.047994,0.044989,0.52163,0.069228,0.5617,0.087514,0.77114,0.56918,0.68375,0.03387,0.89117,0.02538,0.039115,0.70468,0.66037,0.86096,0.032161,0.52505,0.88422,0.67693,0.6079,0.86975,0.015676,0.88852,0.73784,0.88405,0.73558,0.63629,0.037181,0.88338,0.086974,0.88879,0.021612,0.61813,0.0074976,0.49043,0.54096,0.89533,0.88568,0.67509,0.51217,0.8884,0.62922,0.0092134,0.64308,0.054172,0.88021,0.64566,0.56481,0.57254,0.10057,0.87549,0.88764,0.56435,0.58582,0.60001,0.67301,0.42083,0.64809,0.63976,0.62718,0.016817,0.88501,0.86489,0.6,0.87396,0.58252,0.60425,0.012115,0.01472,0.6401,0.68696,0.049387,0.88864,0.88109,0.66348,0.87443,0.018273,0.88675,0.017024,0.88603,0.51981,0.60033,0.61899,0.88936,0.88736,0.48808,0.026077,0.87486,0.0063614,0.89029,0.88707,0.88631,0.032197,0.10974,0.62453,0.56485,0.52856,0.58579,0.87909,0.011303,0.61495,0.8423,0.026244,0.011928,0.0034591,0.018603,0.0097384,0.034596,0.016863,0.020707,0.0061983,0.016609,0.0057966,0.020532,0.0068892,0.0098757,0.031812,0.019419,0.059447,0.0023116,0.016003,0.024084,0.012728,0.0099674,0.0060356,0.023114,0.014391,0.62142,0.63825,0.64903,0.6531,0.86169,0.85321,0.87331,0.48196,0.51598,0.47199,0.53264,0.55159,0.4921,0.49651,0.5415,0.88924,0.87846,0.88671,0.88291,0.88802,0.58768,0.86248,0.58725,0.88675,0.56305,0.45687,0.62514,0.89227,0.71393,0.52577,0.029667,0.52492,0.8755,0.8907,0.55044,0.88168,0.55303,0.88376,0.88349,0.59366,0.86911,0.77746,0.87415,0.124,0.50183,0.87373,0.069489,0.08267,0.88457,0.65863,0.14047,0.044212,0.85213,0.58827,0.86185,0.045471
0.62644,0.6135,0.88282,0.67811,0.88121,0.87017,0.0061339,0.67227,0.53861,0.04237,0.0084314,0.035291,0.89701,0.72066,0.38071,0.60226,0.89064,0,0.71768,0.034351,0.88017,0.0073555,0.58571,0.019499,0.07041,0.65245,0.86517,0.66181,0.87583,0.89696,0.046442,0.89683,0.0066195,0.69473,0.17745,0.049835,0.86892,0.69024,0.69502,0.88129,0.68135,0.87498,0.88195,0.042115,0.85321,0.86035,0.60114,0.85834,0.68851,0.85477,0.16379,0.7073,0.36912,0.88199,0.0053647,0.87506,0.88209,0.52999,0.61863,0.044476,0.87226,0.72266,0.015629,0.37783,0.54164,0.025678,0.88413,0.010559,0.35128,0.0091641,0.31969,0.64709,0.89298,0.018417,0.82386,0.005741,0.8966,0.63967,0.89739,0.70983,0.61614,0.013201,0.0081503,0.36861,0.72216,0.0059041,0.54891,0.89542,0.49455,0.85935,0.013752,0.63685,0.56754,0.66728,0.80981,0.025346,0.0096174,0.69939,0.67142,0.56552,0.37586,0.71776,0.60153,0.5942,0.6468,0.88155,0.022166,0.036997,0.57028,0.038491,0.61745,0.64414,0.88766,0.89542,0.61471,0.35505,0.85309,0.0051013,0.035094,0.37657,0.022616,0.89078,0.013969,0.8943,0.042087,0.71087,0.60188,0.64603,0.0065888,0.011787,0.71091,0.89368,0.035779,0.89071,0.0079785,0.0066759,0.0048802,0.87247,0.80443,0.57043,0.6724,0.72892,0.69262,0.031174,0.89831,0.55457,0.095779,0.86521,0.88555,0.89109,0.88209,0.89763,0.87055,0.8901,0.90325,0.89196,0.8928,0.89276,0.88582,0.88627,0.8984,0.87014,0.87709,0.85098,0.89272,0.89761,0.88909,0.89729,0.89209,0.893,0.89884,0.8843,0.61596,0.63616,0.62498,0.63354,0.041122,0.070766,0.034167,0.69343,0.66093,0.73284,0.73513,0.64092,0.66115,0.68603,0.63914,0.012567,0.044993,0.010165,0.010729,0.0071918,0.54312,0.035602,0.69606,0.0084008,0.69443,0.71836,0.6375,0.017447,0.31167,0.74791,0.88588,0.7224,0.048734,0.042132,0.65079,0.058412,0.64079,0.029845,0.036463,0.63045,0.024406,0.1556,0.08766,0.85111,0.71259,0.094497,0.87779,0.87634,0.04053,0.56262,0.76126,0.85668,0.050653,0.6713,0.0389,0.87566
0.34407,0.32772,0.4092,0.37327,0.47941,0.47051,0.71877,0.16423,0.40313,0.69149,0.7106,0.70341,0.51296,0.088693,0.36499,0.1413,0.50121,0.71768,0,0.68349,0.48257,0.71191,0.35548,0.70697,0.68145,0.3772,0.45939,0.10526,0.48725,0.51267,0.70017,0.51767,0.71179,0.11613,0.60408,0.68517,0.47064,0.0535,0.099424,0.50963,0.1063,0.48604,0.5006,0.70822,0.45549,0.46003,0.20463,0.43495,0.086878,0.42209,0.56663,0.10262,0.37253,0.46973,0.71627,0.50714,0.48487,0.4017,0.43397,0.70402,0.48255,0.11746,0.71609,0.36145,0.27332,0.69372,0.49091,0.72133,0.48764,0.71162,0.50459,0.34889,0.49597,0.71867,0.43203,0.71824,0.49449,0.36021,0.50781,0.069921,0.25481,0.72713,0.7162,0.36842,0.085813,0.71645,0.31797,0.50132,0.29821,0.4478,0.71293,0.37332,0.20357,0.33392,0.41831,0.70658,0.71955,0.089474,0.11576,0.2569,0.36507,0.082552,0.35386,0.36486,0.37355,0.48459,0.72209,0.71051,0.26608,0.72048,0.29541,0.33307,0.49426,0.50895,0.36288,0.37946,0.45769,0.71824,0.70441,0.36936,0.70194,0.49267,0.72012,0.50627,0.69635,0.072598,0.32671,0.36365,0.72024,0.72124,0.060165,0.49569,0.72083,0.5054,0.71617,0.71756,0.71357,0.47165,0.41127,0.28954,0.087626,0.1265,0.12094,0.71507,0.51242,0.28426,0.68853,0.48226,0.50491,0.49977,0.48749,0.50213,0.48863,0.50982,0.52181,0.50264,0.49164,0.49839,0.51232,0.49581,0.51024,0.47631,0.48762,0.44595,0.50172,0.50864,0.48838,0.51306,0.50152,0.50267,0.50314,0.50757,0.33725,0.35932,0.37768,0.38638,0.70638,0.67653,0.7198,0.076115,0.059297,0.088875,0.1112,0.1299,0.094782,0.0524,0.085997,0.72193,0.70955,0.71134,0.71107,0.71913,0.25108,0.70209,0.1233,0.71438,0.10394,0.091255,0.34709,0.72677,0.47316,0.10413,0.47478,0.055322,0.73128,0.73603,0.28624,0.73996,0.22741,0.72457,0.71941,0.29685,0.70381,0.56319,0.73273,0.46267,0.2812,0.70111,0.49941,0.49588,0.71147,0.35487,0.39288,0.46901,0.68343,0.11011,0.70593,0.4577
0.59507,0.58183,0.8529,0.64739,0.85331,0.84213,0.03639,0.63951,0.50888,0.030454,0.027803,0.034613,0.86978,0.68694,0.34696,0.56874,0.86321,0.034351,0.68349,0,0.85234,0.029415,0.55455,0.027047,0.056548,0.62185,0.83692,0.62821,0.84828,0.8698,0.042261,0.86987,0.028441,0.66133,0.15345,0.034226,0.84093,0.65605,0.66144,0.85423,0.64778,0.84736,0.85458,0.046081,0.82511,0.83219,0.56737,0.82966,0.65475,0.82586,0.1309,0.67376,0.33534,0.85382,0.033625,0.8481,0.85446,0.49992,0.58975,0.045158,0.84451,0.68946,0.035287,0.34395,0.50836,0.012093,0.85655,0.039148,0.32265,0.029864,0.2913,0.61581,0.86548,0.039117,0.79539,0.035126,0.86893,0.60871,0.87003,0.67615,0.58312,0.044305,0.033598,0.33466,0.68861,0.033183,0.51664,0.86793,0.46125,0.83096,0.032019,0.60618,0.53346,0.63576,0.78116,0.030621,0.037193,0.66568,0.63785,0.53215,0.34198,0.68401,0.57035,0.56332,0.61615,0.85379,0.043558,0.044793,0.53711,0.052325,0.58509,0.61256,0.86012,0.86808,0.5838,0.32114,0.82498,0.035169,0.03536,0.34282,0.022843,0.86315,0.03873,0.86701,0.0348,0.67717,0.57013,0.61515,0.037491,0.039599,0.67714,0.86612,0.052698,0.86341,0.034372,0.034805,0.030637,0.84446,0.77594,0.53768,0.63854,0.69582,0.65923,0.042433,0.87107,0.52161,0.086969,0.83765,0.85829,0.86359,0.85437,0.87012,0.84299,0.86288,0.8762,0.86456,0.86509,0.8652,0.85884,0.85877,0.87108,0.84227,0.84946,0.82257,0.86527,0.87032,0.86138,0.8701,0.86467,0.86559,0.8714,0.85715,0.58444,0.60514,0.59443,0.60321,0.044472,0.05372,0.049725,0.65978,0.62667,0.69932,0.7018,0.60758,0.62757,0.65211,0.605,0.039896,0.048063,0.029813,0.028331,0.036809,0.50948,0.035823,0.66271,0.032753,0.66091,0.68488,0.60621,0.045298,0.28076,0.71447,0.85778,0.68851,0.067222,0.066089,0.61837,0.078949,0.60738,0.051631,0.052939,0.59812,0.030051,0.12174,0.10042,0.8228,0.6801,0.095618,0.85028,0.84869,0.045596,0.53135,0.73255,0.82897,0.034335,0.63761,0.042395,0.84727
0.60585,0.56397,0.10012,0.58549,0.01284,0.016724,0.87858,0.5831,0.58619,0.85836,0.87175,0.86911,0.030633,0.39592,0.65802,0.51807,0.022221,0.88017,0.48257,0.85234,0,0.87568,0.62857,0.86811,0.83649,0.61549,0.023853,0.54056,0.022161,0.039565,0.86573,0.052151,0.8743,0.5592,0.73983,0.8693,0.013226,0.52935,0.54767,0.032479,0.55378,0.011059,0.022185,0.85493,0.034421,0.024492,0.50113,0.056483,0.54447,0.076755,0.75815,0.55246,0.66712,0.022426,0.88071,0.03938,0.046783,0.68461,0.63978,0.85046,0.015541,0.50962,0.8737,0.66026,0.58791,0.85896,0.025,0.87817,0.72078,0.87365,0.71925,0.61489,0.049735,0.87297,0.067216,0.87834,0.032607,0.5969,0.028431,0.47368,0.51994,0.88494,0.87524,0.65859,0.49586,0.87788,0.60893,0.02722,0.62388,0.040261,0.86979,0.62444,0.545,0.55104,0.081341,0.86479,0.87724,0.54724,0.56884,0.5797,0.65627,0.4027,0.62714,0.61897,0.60594,0.0097124,0.87463,0.85473,0.57957,0.86376,0.56139,0.58288,0.024605,0.026381,0.61906,0.67083,0.030011,0.87821,0.87002,0.64659,0.86369,0.02894,0.87634,0.036737,0.87465,0.50303,0.57941,0.59771,0.879,0.87706,0.47103,0.038786,0.86511,0.027983,0.87989,0.87665,0.87585,0.011088,0.099922,0.60399,0.5473,0.51339,0.56924,0.86849,0.031986,0.59468,0.83104,0.019738,0.024825,0.019635,0.0050634,0.02719,0.023191,0.028244,0.04179,0.026954,0.024765,0.019284,0.03972,0.020834,0.029361,0.011822,0.0089077,0.03886,0.022923,0.036711,0.031801,0.034809,0.028857,0.026713,0.0397,0.029451,0.60032,0.61698,0.62794,0.63196,0.85135,0.84165,0.86328,0.46527,0.4972,0.45574,0.5169,0.53559,0.47563,0.47901,0.52337,0.87883,0.86746,0.87625,0.87234,0.87769,0.56784,0.85201,0.57076,0.87638,0.54648,0.44057,0.60384,0.88191,0.6978,0.50981,0.018707,0.50755,0.86595,0.88117,0.52897,0.87249,0.53178,0.87395,0.87371,0.57236,0.8589,0.76522,0.86556,0.10631,0.47988,0.86444,0.059038,0.070536,0.87352,0.63813,0.12475,0.042026,0.84114,0.5709,0.85154,0.031202
