0,0.60934,0.68672,0.64872,0.82024,0.65937,0.030357,0.86126,0.018856,0.73717,0.66955,0.63355,0.84782,0.047085,0.6177,0.83137,0.51605,0.034363,0.72857,0.82273,0.046039,0.030447,0.61101,0.86709,0.70806,0.37737,0.61929,0.72513,0.85994,0.8252,0.033516,0.071043,0.6844,0.018959,0.85999,0.026072,0.57833,0.55459,0.009582,0.026832,0.011636,0.61044,0.84757,0.6637,0.854,0.86626,0.14974,0.83366,0.87853,0.86782,0.038884,0.85472,0.85187,0.86832,0.86132,0.72177,0.024904,0.0215,0.014928,0.66381,0.032513,0.038202,0.031583,0.01136,0.82725,0.58618,0.65955,0.68461,0.85264,0.68387,0.85519,0.65712,0.85484,0.032613,0.017743,0.78921,0.82264,0.60618,0.85984,0.67486,0.039541,0.84172,0.047033,0.85536,0.68646,0.63039,0.3885,0.85225,0.032962,0.68017,0.84508,0.85346,0.45384,0.014416,0.074894,0.83333,0.018324,0.71785,0.66263,0.022215,0.024532,0.38025,0.031272,0.02549,0.57231,0.017188,0.85621,0.026973,0.35529,0.025454,0.31709,0.86266,0.63596,0.8553,0.037957,0.77165,0.84006,0.042119,0.037799,0.36837,0.85348,0.6132,0.86636,0.70911,0.66943,0.027933,0.021024,0.38345,0.71502,0.040693,0.5187,0.86052,0.52211,0.84502,0.027707,0.56058,0.59297,0.63945,0.74469,0.012888,0.66902,0.024417,0.67351,0.66664,0.38391,0.59161,0.38262,0.71946,0.59347,0.59938,0.61745,0.3827,0.84151,0.02151,0.47601,0.02021,0.58681,0.015486,0.61833,0.64651,0.84993,0.63169,0.8531,0.58633,0.37677,0.81249,0.38727,0.57541,0.037141,0.043498,0.40033,0.029176,0.86408,0.65657,0.017808,0.84668,0.012837,0.72832,0.37773,0.52816,0.5938,0.037522,0.59688,0.01869,0.68221,0.86711,0.69391,0.015587,0.85466,0.036839,0.037829,0.03789,0.84358,0.020389,0.81346,0.55741,0.66913,0.71483,0.66828,0.054768,0.85435,0.54646,0.67562,0.59196,0.14732,0.84234,0.041775,0.55411,0.55778,0.81841,0.86693,0.060508,0.62786,0.44412,0.40181,0.49948,0.028325,0.81385,0.85468,0.81966,0.85435,0.052726,0.84781,0.87091,0.031968,0.86755,0.85348,0.036077
0.60934,0,0.34463,0.080997,0.53171,0.15377,0.6029,0.58296,0.60224,0.40065,0.30001,0.31776,0.58476,0.64177,0.23919,0.53685,0.14369,0.58981,0.41305,0.53835,0.64431,0.6181,0.096519,0.60205,0.31276,0.25989,0.26917,0.40336,0.5957,0.53694,0.63978,0.57772,0.38085,0.62254,0.62573,0.60977,0.15368,0.080272,0.608,0.62053,0.60478,0.049436,0.56754,0.29294,0.57625,0.63152,0.60056,0.54215,0.61008,0.60318,0.61791,0.58435,0.57695,0.60878,0.59178,0.38616,0.62603,0.61304,0.60797,0.30761,0.62314,0.64023,0.63818,0.61372,0.53285,0.18871,0.26431,0.3464,0.59261,0.33757,0.59217,0.27274,0.59048,0.57991,0.59192,0.54456,0.5376,0.11376,0.59472,0.33091,0.62147,0.55506,0.5734,0.57959,0.32891,0.2972,0.2579,0.59368,0.61472,0.29535,0.60517,0.57596,0.17353,0.6004,0.53934,0.55861,0.59982,0.37263,0.2333,0.62926,0.58668,0.25553,0.61619,0.63002,0.068274,0.60472,0.59987,0.62083,0.29089,0.62263,0.31479,0.5851,0.08455,0.59867,0.62334,0.54897,0.57547,0.62478,0.62855,0.27388,0.57626,0.11702,0.61178,0.32399,0.12392,0.63315,0.60393,0.251,0.38323,0.63084,0.13835,0.58405,0.094122,0.56996,0.63551,0.081948,0.075907,0.087649,0.5092,0.60239,0.34857,0.63359,0.27298,0.31286,0.2616,0.041583,0.26457,0.31923,0.14069,0.051856,0.066154,0.26519,0.55434,0.62017,0.24773,0.60878,0.059055,0.62029,0.028085,0.082648,0.5894,0.049708,0.57141,0.12395,0.26679,0.52688,0.25782,0.054858,0.62987,0.63397,0.23634,0.6276,0.59353,0.26639,0.61683,0.57304,0.62036,0.3957,0.26453,0.11741,0.048126,0.63444,0.07483,0.62129,0.31047,0.60599,0.37534,0.61402,0.58621,0.61851,0.63402,0.64069,0.56201,0.60651,0.53657,0.082931,0.30767,0.40526,0.33497,0.57903,0.61461,0.081657,0.25941,0.06395,0.66537,0.55552,0.63466,0.06108,0.052459,0.52263,0.59264,0.6514,0.13467,0.1878,0.21368,0.13541,0.59839,0.53944,0.56337,0.55006,0.56994,0.62495,0.57468,0.61027,0.59203,0.61095,0.57965,0.61875
0.68672,0.34463,0,0.36527,0.50339,0.31408,0.67069,0.56145,0.67176,0.18889,0.045392,0.053723,0.55037,0.69793,0.11313,0.48356,0.45026,0.66174,0.095763,0.50951,0.7024,0.68328,0.43131,0.57478,0.12934,0.35185,0.1005,0.064333,0.56196,0.51899,0.7065,0.67187,0.042456,0.69152,0.58634,0.67927,0.4907,0.39304,0.68596,0.68513,0.6832,0.39397,0.52454,0.051811,0.55134,0.5981,0.74682,0.52609,0.57463,0.56234,0.67761,0.52692,0.53873,0.58185,0.5666,0.044691,0.69534,0.68067,0.68107,0.039307,0.68849,0.70243,0.70796,0.68789,0.52947,0.52418,0.08131,0.0057739,0.57199,0.037725,0.57055,0.074591,0.55312,0.65589,0.67027,0.51695,0.49516,0.25663,0.55734,0.023285,0.70406,0.49431,0.65127,0.54857,0.030606,0.083992,0.34542,0.54652,0.67818,0.055726,0.57991,0.54211,0.40054,0.68253,0.62644,0.55073,0.67426,0.078273,0.11937,0.69927,0.66644,0.35925,0.6773,0.69747,0.29839,0.67958,0.56014,0.69031,0.50955,0.68955,0.50521,0.56446,0.42621,0.55865,0.68236,0.50982,0.56049,0.68287,0.69236,0.35468,0.55323,0.46,0.56718,0.059764,0.31258,0.70056,0.67883,0.35867,0.046941,0.68927,0.44343,0.55692,0.32067,0.54455,0.70512,0.40892,0.27794,0.40333,0.4907,0.68093,0.045344,0.70757,0.075101,0.033056,0.34925,0.31817,0.34757,0.17017,0.48033,0.37726,0.40449,0.34285,0.51209,0.68679,0.38292,0.68217,0.29676,0.69689,0.34928,0.39767,0.54924,0.37974,0.56494,0.46323,0.355,0.53254,0.35021,0.309,0.69106,0.69122,0.34217,0.69118,0.55775,0.079193,0.68796,0.535,0.69453,0.10137,0.34525,0.42728,0.38038,0.69479,0.41708,0.6899,0.057355,0.56851,0.03181,0.68891,0.56232,0.68209,0.6969,0.70443,0.52477,0.69369,0.49048,0.39062,0.046648,0.12375,0.019237,0.65854,0.57628,0.34454,0.1129,0.29527,0.68539,0.53415,0.69234,0.3342,0.33934,0.49856,0.55017,0.70175,0.34132,0.43191,0.4305,0.39647,0.66476,0.46832,0.5291,0.48751,0.51618,0.67823,0.53478,0.57412,0.68461,0.57923,0.53617,0.68298
0.64872,0.080997,0.36527,0,0.47164,0.09831,0.64023,0.52002,0.64188,0.38293,0.32324,0.34438,0.52459,0.68159,0.27213,0.47936,0.19068,0.63215,0.41908,0.4783,0.68432,0.65985,0.088727,0.53996,0.30415,0.31512,0.30695,0.41733,0.53477,0.47525,0.67876,0.62338,0.40164,0.66235,0.56659,0.65168,0.17949,0.10658,0.64631,0.66121,0.64297,0.088635,0.50799,0.31583,0.51411,0.57134,0.64214,0.47963,0.54832,0.54273,0.65979,0.5266,0.51668,0.54678,0.52956,0.40419,0.66704,0.65383,0.64616,0.33222,0.66505,0.67981,0.67638,0.65415,0.4691,0.19117,0.28439,0.36817,0.53063,0.35083,0.53007,0.29975,0.53027,0.61864,0.63126,0.48777,0.47936,0.11663,0.53423,0.35603,0.65662,0.49814,0.61642,0.51819,0.34406,0.33432,0.31673,0.53504,0.65656,0.31956,0.54489,0.51496,0.23756,0.63873,0.58232,0.49566,0.6379,0.3769,0.24667,0.66892,0.62518,0.31334,0.6557,0.66988,0.10502,0.64592,0.54015,0.6626,0.34032,0.66361,0.36438,0.52201,0.089994,0.53902,0.66452,0.49567,0.51333,0.66661,0.67072,0.32923,0.51394,0.12525,0.55221,0.33267,0.072158,0.67205,0.64558,0.30892,0.39736,0.67191,0.18936,0.52188,0.15222,0.50844,0.67512,0.1279,0.1061,0.043065,0.455,0.64301,0.36328,0.67251,0.29165,0.33625,0.32021,0.080857,0.32279,0.30019,0.17038,0.060918,0.070885,0.3221,0.49485,0.65983,0.23504,0.6462,0.097736,0.65837,0.053379,0.037569,0.52993,0.048636,0.50702,0.15338,0.32485,0.46323,0.31736,0.099463,0.67116,0.67498,0.2941,0.66717,0.53244,0.28651,0.65767,0.51306,0.66034,0.39708,0.31906,0.16626,0.072911,0.67455,0.10596,0.6609,0.32139,0.54527,0.39595,0.65182,0.52421,0.66097,0.67549,0.68114,0.50188,0.64639,0.47963,0.15195,0.33525,0.40425,0.35839,0.62373,0.55541,0.15814,0.29391,0.1337,0.69534,0.4933,0.67372,0.10704,0.11055,0.46195,0.53214,0.69094,0.077931,0.24581,0.26054,0.20341,0.63917,0.48612,0.50198,0.49519,0.51134,0.66205,0.51489,0.54921,0.63015,0.54966,0.52,0.6612
0.82024,0.53171,0.50339,0.47164,0,0.38171,0.79709,0.058919,0.80996,0.32932,0.50084,0.5047,0.054984,0.83708,0.50817,0.040411,0.6116,0.81496,0.45578,0.0073371,0.84166,0.83248,0.53248,0.074697,0.38299,0.60522,0.5359,0.49655,0.065459,0.019248,0.83785,0.8366,0.51011,0.82853,0.10092,0.82882,0.61688,0.5274,0.81381,0.82848,0.81064,0.55238,0.038035,0.4957,0.049174,0.10758,0.8762,0.026632,0.079643,0.071568,0.82944,0.060802,0.04527,0.082287,0.065144,0.51394,0.83834,0.82445,0.80974,0.50547,0.83796,0.83842,0.83428,0.82756,0.041039,0.59846,0.47973,0.50827,0.070801,0.46571,0.068884,0.50724,0.0595,0.78985,0.80523,0.054191,0.021354,0.44251,0.063514,0.5171,0.81219,0.051101,0.80787,0.049319,0.47524,0.54591,0.61605,0.064395,0.82884,0.50972,0.086781,0.044772,0.62301,0.81003,0.78355,0.051338,0.8029,0.43934,0.45771,0.8344,0.79718,0.61594,0.81601,0.83438,0.49096,0.82412,0.06989,0.83792,0.68286,0.83354,0.68418,0.061797,0.55414,0.068687,0.83,0.080525,0.059243,0.83425,0.84323,0.61264,0.050522,0.57267,0.081077,0.45739,0.42035,0.83198,0.8258,0.61416,0.48959,0.83569,0.61398,0.056022,0.53506,0.042248,0.83945,0.56808,0.48324,0.49723,0.082604,0.82146,0.46717,0.83704,0.48137,0.50206,0.61819,0.49883,0.61742,0.34359,0.61907,0.51021,0.53164,0.61094,0.02848,0.82403,0.40032,0.8066,0.49413,0.8225,0.50868,0.49951,0.059221,0.51766,0.063685,0.60046,0.62034,0.053986,0.62038,0.50133,0.8379,0.83741,0.60111,0.82806,0.062349,0.47857,0.83047,0.041445,0.83103,0.42954,0.60219,0.59198,0.52282,0.83492,0.56205,0.82606,0.45344,0.075106,0.51211,0.81425,0.060428,0.83565,0.84365,0.84463,0.030849,0.82723,0.0296,0.59463,0.52135,0.40964,0.50686,0.82278,0.089306,0.57949,0.54528,0.54532,0.77952,0.031514,0.82767,0.51186,0.5274,0.011181,0.061382,0.84029,0.40042,0.63086,0.60268,0.61671,0.8106,0.066692,0.036165,0.053924,0.049409,0.80548,0.043267,0.079746,0.80897,0.082534,0.048781,0.83625
0.65937,0.15377,0.31408,0.09831,0.38171,0,0.6466,0.43287,0.65062,0.29467,0.27814,0.29821,0.4356,0.68794,0.2408,0.38621,0.26607,0.64356,0.34978,0.38855,0.69134,0.66964,0.17818,0.45251,0.22787,0.32969,0.27824,0.3569,0.44614,0.38713,0.68696,0.64305,0.34718,0.6715,0.47826,0.66252,0.26866,0.17528,0.65619,0.66998,0.6528,0.17941,0.4171,0.27046,0.4262,0.48404,0.67334,0.39197,0.45976,0.45322,0.66834,0.43435,0.42677,0.45962,0.44213,0.34962,0.67737,0.6633,0.65469,0.28722,0.67511,0.6874,0.68465,0.66497,0.38331,0.27391,0.23893,0.31793,0.44409,0.2916,0.44331,0.26117,0.44095,0.62777,0.64176,0.39936,0.38766,0.092753,0.44501,0.31036,0.6653,0.40467,0.62955,0.42943,0.28811,0.30285,0.33337,0.44449,0.66594,0.2777,0.45826,0.42565,0.29,0.64952,0.59696,0.41017,0.64652,0.3082,0.19903,0.67833,0.63523,0.3326,0.66253,0.67882,0.13104,0.65739,0.45082,0.67353,0.39003,0.67325,0.40581,0.43507,0.1875,0.44962,0.6724,0.40657,0.42723,0.67486,0.68073,0.34232,0.42634,0.21833,0.46247,0.27295,0.04188,0.68023,0.65742,0.32887,0.3379,0.67969,0.26506,0.43385,0.18902,0.42029,0.6845,0.2079,0.12087,0.13564,0.36784,0.65487,0.30341,0.68237,0.24526,0.28951,0.33694,0.12749,0.33834,0.21548,0.26282,0.14255,0.16458,0.33534,0.40364,0.66823,0.20723,0.65418,0.1279,0.66793,0.13071,0.13378,0.44023,0.14302,0.42214,0.24408,0.34154,0.37905,0.3357,0.13682,0.6798,0.68249,0.31236,0.67486,0.44338,0.2404,0.66814,0.42308,0.67089,0.32453,0.3308,0.24116,0.15498,0.68204,0.19648,0.66975,0.26226,0.45636,0.34254,0.66059,0.43685,0.67098,0.68476,0.68987,0.41163,0.65992,0.38756,0.22785,0.29454,0.32775,0.3096,0.63883,0.46691,0.21654,0.27014,0.17707,0.68513,0.40524,0.67967,0.15361,0.16499,0.37228,0.44205,0.69581,0.045643,0.3025,0.30217,0.26637,0.64804,0.39141,0.41216,0.40163,0.41909,0.66507,0.4247,0.46062,0.64333,0.46182,0.42943,0.67137
0.030357,0.6029,0.67069,0.64023,0.79709,0.6466,0,0.83786,0.020937,0.71623,0.65469,0.61784,0.82386,0.047048,0.6045,0.80784,0.51486,0.046159,0.70946,0.79946,0.049438,0.043256,0.60591,0.84327,0.69029,0.36969,0.60627,0.70741,0.83597,0.80225,0.041767,0.094117,0.66734,0.032196,0.83531,0.042955,0.57774,0.54867,0.02504,0.035568,0.023987,0.60566,0.8238,0.64882,0.83053,0.84171,0.17523,0.81078,0.85454,0.84367,0.044653,0.83043,0.82806,0.84439,0.83766,0.70512,0.043562,0.033448,0.015928,0.6488,0.047185,0.043514,0.039483,0.035786,0.80476,0.58495,0.645,0.66866,0.82893,0.66688,0.83151,0.6432,0.83082,0.027526,0.028216,0.76529,0.79913,0.59444,0.83581,0.65961,0.041423,0.81782,0.058602,0.83171,0.67006,0.61694,0.38156,0.8279,0.042528,0.66587,0.8209,0.82979,0.45172,0.03024,0.080771,0.81031,0.014863,0.69951,0.64837,0.037436,0.027407,0.37378,0.025055,0.037565,0.56316,0.039201,0.83196,0.046529,0.35825,0.03986,0.31929,0.83926,0.63158,0.83105,0.041694,0.74711,0.81663,0.047779,0.052112,0.36056,0.83006,0.61013,0.84193,0.69268,0.65815,0.035378,0.04278,0.37705,0.69764,0.045436,0.5175,0.83695,0.51477,0.82153,0.042392,0.55676,0.58324,0.6325,0.72103,0.038206,0.65151,0.041498,0.65891,0.65137,0.37704,0.58333,0.3755,0.70106,0.59275,0.59263,0.61196,0.37495,0.81794,0.028172,0.4605,0.014228,0.57788,0.03015,0.61107,0.63955,0.82579,0.62525,0.83018,0.58464,0.36995,0.79012,0.38077,0.56695,0.04596,0.047494,0.39324,0.032644,0.84018,0.64188,0.037852,0.82287,0.036548,0.70916,0.36942,0.52567,0.58761,0.041442,0.59288,0.029604,0.66573,0.84297,0.67722,0.021541,0.83103,0.049399,0.050086,0.048777,0.81998,0.048675,0.78974,0.55438,0.65473,0.69469,0.65246,0.07184,0.82981,0.54177,0.66372,0.58498,0.12195,0.8192,0.037391,0.54644,0.55092,0.79552,0.84295,0.056959,0.61609,0.44314,0.39845,0.49737,0.030331,0.78967,0.8313,0.79546,0.83044,0.031697,0.82395,0.84678,0.048802,0.84345,0.82953,0.049498
0.86126,0.58296,0.56145,0.52002,0.058919,0.43287,0.83786,0,0.8515,0.38511,0.55933,0.56342,0.029259,0.87802,0.56686,0.082701,0.65957,0.85767,0.51172,0.052949,0.88255,0.87446,0.57822,0.022292,0.44075,0.65902,0.59475,0.55311,0.025521,0.047223,0.87823,0.88006,0.56772,0.8696,0.063935,0.87094,0.66181,0.5762,0.85448,0.87003,0.85135,0.60124,0.044524,0.55426,0.010898,0.064177,0.91646,0.041046,0.03173,0.035594,0.87163,0.061983,0.031791,0.030375,0.012796,0.57101,0.87974,0.86615,0.85051,0.56402,0.87987,0.87913,0.87433,0.86893,0.052048,0.63992,0.53825,0.56635,0.024433,0.52377,0.020288,0.56582,0.030371,0.8315,0.84668,0.076096,0.067883,0.49737,0.029514,0.57545,0.85122,0.08043,0.85104,0.018295,0.53336,0.60476,0.6704,0.047601,0.87099,0.56805,0.049728,0.024693,0.67471,0.85079,0.82733,0.033177,0.84382,0.49631,0.51584,0.87521,0.83845,0.66968,0.85738,0.87532,0.5444,0.86597,0.038782,0.87972,0.73039,0.87508,0.73208,0.003086,0.60066,0.038871,0.87182,0.10324,0.025662,0.8763,0.88513,0.66647,0.0091459,0.61771,0.047429,0.51509,0.47131,0.87249,0.86782,0.66788,0.54665,0.8773,0.66248,0.0096153,0.58843,0.019354,0.88009,0.61693,0.53739,0.54365,0.11788,0.86307,0.52527,0.87735,0.53972,0.56056,0.67242,0.55115,0.6717,0.40106,0.6647,0.55918,0.57916,0.66526,0.052971,0.86518,0.44815,0.84708,0.54755,0.8628,0.55912,0.54629,0.037309,0.56627,0.025308,0.6466,0.67437,0.064315,0.67464,0.55433,0.87954,0.87896,0.65526,0.86906,0.024672,0.53714,0.87199,0.03428,0.87207,0.48577,0.65619,0.64067,0.57194,0.87604,0.60986,0.8671,0.51171,0.03406,0.56973,0.85466,0.01315,0.87791,0.8852,0.88561,0.039666,0.86823,0.075393,0.6454,0.57986,0.46573,0.56522,0.86631,0.05493,0.6324,0.60344,0.59945,0.81716,0.028788,0.86848,0.56388,0.57938,0.06511,0.034925,0.88104,0.45013,0.68106,0.65213,0.66822,0.85273,0.10771,0.036372,0.088856,0.061154,0.84598,0.036338,0.034891,0.84959,0.034994,0.039491,0.87849
0.018856,0.60224,0.67176,0.64188,0.80996,0.65062,0.020937,0.8515,0,0.72264,0.65533,0.6187,0.83767,0.042679,0.60446,0.82037,0.51245,0.026682,0.71286,0.81248,0.04384,0.025514,0.6064,0.85727,0.69437,0.36694,0.6055,0.70945,0.84986,0.81528,0.037937,0.075909,0.66875,0.021035,0.84994,0.022645,0.57589,0.54895,0.021118,0.021307,0.021026,0.60479,0.83704,0.64957,0.84409,0.85644,0.16511,0.82383,0.86846,0.85755,0.029119,0.84383,0.84154,0.85855,0.8515,0.70636,0.028569,0.015369,0.01539,0.6494,0.03015,0.038259,0.038586,0.019316,0.81776,0.58471,0.64599,0.6696,0.84299,0.66905,0.84551,0.64338,0.84462,0.024674,0.017759,0.77906,0.81197,0.59641,0.84964,0.66008,0.050287,0.83058,0.041824,0.84527,0.6718,0.6161,0.378,0.84173,0.024754,0.66616,0.83539,0.84326,0.44789,0.025776,0.070036,0.82389,0.015719,0.70278,0.64981,0.028388,0.023726,0.37035,0.018947,0.028262,0.56376,0.019422,0.84597,0.028582,0.35342,0.024404,0.31432,0.85294,0.6311,0.84504,0.029109,0.76115,0.8305,0.033918,0.036008,0.35756,0.84364,0.60952,0.85603,0.6948,0.6609,0.031488,0.02256,0.37367,0.6996,0.034467,0.51483,0.85058,0.51399,0.83507,0.034604,0.55553,0.58391,0.63377,0.7346,0.021031,0.65387,0.035901,0.65988,0.65213,0.37343,0.58371,0.37195,0.70614,0.59058,0.59319,0.61203,0.3718,0.83092,0.017984,0.46785,0.0213,0.57828,0.028146,0.61131,0.64065,0.83962,0.62548,0.84376,0.58294,0.36632,0.80328,0.37698,0.56721,0.032991,0.03755,0.39034,0.025827,0.85392,0.64294,0.020615,0.83634,0.023746,0.713,0.36687,0.52374,0.58775,0.033943,0.59198,0.01938,0.66792,0.85697,0.67844,0.022837,0.84485,0.031304,0.036814,0.039606,0.8332,0.037212,0.80267,0.55173,0.65479,0.69936,0.65335,0.052721,0.84426,0.53924,0.66252,0.58342,0.13763,0.83242,0.035976,0.54661,0.55048,0.80821,0.85654,0.055237,0.62,0.43945,0.39663,0.49377,0.012224,0.80233,0.84438,0.80845,0.84349,0.042147,0.83742,0.86084,0.044524,0.85763,0.84299,0.031239
0.73717,0.40065,0.18889,0.38293,0.32932,0.29467,0.71623,0.38511,0.72264,0,0.20283,0.20704,0.37244,0.74858,0.24283,0.30396,0.51132,0.71902,0.12723,0.33496,0.75351,0.73885,0.46086,0.39683,0.10046,0.43882,0.25631,0.1687,0.38331,0.34659,0.75547,0.73713,0.18957,0.74262,0.40725,0.73536,0.54013,0.43309,0.73402,0.73817,0.73103,0.44436,0.34521,0.20118,0.37484,0.41953,0.80549,0.35342,0.39457,0.38199,0.73341,0.34475,0.35989,0.40388,0.38944,0.18884,0.74921,0.73409,0.72868,0.20504,0.74439,0.75266,0.75523,0.74063,0.36033,0.55488,0.20013,0.19365,0.39626,0.15345,0.39445,0.22158,0.37418,0.70505,0.72077,0.34599,0.31799,0.28912,0.37807,0.20801,0.74506,0.31253,0.71028,0.37079,0.16546,0.25452,0.44052,0.36617,0.73396,0.21321,0.40409,0.36397,0.48344,0.7308,0.68565,0.37934,0.72174,0.11485,0.20072,0.74999,0.71513,0.44947,0.72758,0.74857,0.34855,0.73417,0.38077,0.74599,0.57961,0.74332,0.57593,0.38819,0.4664,0.37929,0.73644,0.33956,0.38688,0.73847,0.74882,0.44349,0.37713,0.49891,0.38641,0.1507,0.31449,0.74942,0.73444,0.44846,0.1643,0.74301,0.50786,0.37953,0.38801,0.36858,0.75568,0.46318,0.32946,0.4235,0.32802,0.73429,0.15484,0.75669,0.19682,0.19947,0.44382,0.366,0.44213,0.087645,0.53383,0.41275,0.44149,0.43566,0.33347,0.73751,0.36052,0.72806,0.34882,0.74427,0.39172,0.42018,0.37017,0.4169,0.39236,0.51419,0.44825,0.36664,0.44584,0.3615,0.74541,0.74479,0.432,0.74154,0.37849,0.19823,0.74156,0.35653,0.74617,0.10092,0.43262,0.487,0.42126,0.74627,0.4651,0.74052,0.1527,0.38877,0.19074,0.73564,0.38585,0.73929,0.75164,0.75674,0.34678,0.7456,0.31336,0.46365,0.22053,0.08423,0.19729,0.72138,0.39757,0.42636,0.26568,0.3758,0.71123,0.35947,0.74132,0.38478,0.39629,0.32584,0.36963,0.75152,0.32919,0.50747,0.49252,0.4783,0.71827,0.287,0.35113,0.30705,0.33468,0.7226,0.3559,0.39439,0.73287,0.40048,0.35629,0.74018
0.66955,0.30001,0.045392,0.32324,0.50084,0.27814,0.65469,0.55933,0.65533,0.20283,0,0.049251,0.54993,0.68352,0.071205,0.48402,0.40731,0.6446,0.13336,0.50721,0.68778,0.66734,0.38791,0.57382,0.12377,0.32204,0.066188,0.10812,0.56165,0.51538,0.69095,0.65181,0.08505,0.67541,0.58748,0.66272,0.44652,0.35029,0.66881,0.6694,0.66597,0.34938,0.52463,0.0087933,0.54949,0.59861,0.72187,0.52235,0.57477,0.56303,0.66227,0.5292,0.5385,0.58101,0.56516,0.087553,0.67912,0.66449,0.66447,0.01259,0.67258,0.68734,0.69213,0.67102,0.52405,0.48088,0.039533,0.046902,0.57009,0.056639,0.56874,0.02967,0.55314,0.63852,0.65276,0.51492,0.49443,0.21583,0.55745,0.033278,0.68688,0.49619,0.63317,0.54752,0.042668,0.060764,0.31524,0.54783,0.66238,0.01812,0.57892,0.54131,0.36066,0.66482,0.60684,0.54655,0.65741,0.1047,0.080109,0.68315,0.64878,0.32835,0.66202,0.68163,0.25559,0.66245,0.56069,0.67393,0.4735,0.67356,0.47165,0.56228,0.38186,0.55921,0.66724,0.50936,0.55755,0.66781,0.67667,0.3262,0.55116,0.41582,0.56857,0.061566,0.27358,0.68486,0.66163,0.32733,0.08914,0.67433,0.40033,0.5555,0.27862,0.54264,0.68913,0.36502,0.23475,0.36065,0.48674,0.66341,0.069969,0.69114,0.035314,0.01582,0.31932,0.27463,0.31808,0.16433,0.43573,0.33392,0.36059,0.3138,0.51173,0.67093,0.35445,0.66562,0.25334,0.68007,0.30538,0.3548,0.5496,0.33588,0.5608,0.41884,0.32542,0.52603,0.31973,0.26569,0.67578,0.67646,0.31008,0.67577,0.5576,0.038128,0.67144,0.53467,0.6778,0.13095,0.31631,0.38405,0.3367,0.67978,0.37272,0.67383,0.050748,0.56887,0.076563,0.67223,0.56062,0.66626,0.68146,0.68909,0.52403,0.67535,0.49021,0.34633,0.020969,0.15165,0.039166,0.64017,0.57705,0.30071,0.074082,0.25032,0.67643,0.53137,0.67773,0.29139,0.2959,0.49523,0.55078,0.68816,0.30376,0.392,0.39338,0.35424,0.64851,0.47116,0.52797,0.48962,0.51758,0.66418,0.53471,0.57441,0.66567,0.57903,0.53663,0.66708
0.63355,0.31776,0.053723,0.34438,0.5047,0.29821,0.61784,0.56342,0.6187,0.20704,0.049251,0,0.5519,0.6453,0.080954,0.48817,0.41192,0.60848,0.13097,0.51072,0.64972,0.63026,0.40337,0.57664,0.14398,0.29971,0.065908,0.10809,0.56405,0.51961,0.65364,0.61824,0.069697,0.63851,0.58696,0.62613,0.45756,0.35934,0.63284,0.63218,0.63007,0.36631,0.52799,0.048727,0.55327,0.59847,0.69324,0.52717,0.57795,0.56545,0.62471,0.53139,0.54159,0.58336,0.56833,0.094386,0.64228,0.62763,0.62805,0.038328,0.63547,0.64965,0.65508,0.63472,0.5293,0.49143,0.072931,0.051899,0.5723,0.06403,0.57126,0.06329,0.55532,0.60272,0.61705,0.51383,0.49764,0.23119,0.55982,0.043287,0.65113,0.49961,0.59786,0.55098,0.060837,0.053387,0.29363,0.54911,0.62519,0.065403,0.57901,0.54481,0.3561,0.62932,0.57286,0.55,0.6212,0.11239,0.11135,0.64627,0.61324,0.30761,0.62449,0.64452,0.26669,0.62635,0.56208,0.6372,0.46062,0.63654,0.45454,0.56637,0.4009,0.5606,0.62952,0.5054,0.56004,0.63004,0.63938,0.30209,0.55493,0.43123,0.56989,0.092006,0.29762,0.64768,0.62558,0.30722,0.092457,0.63648,0.40528,0.55926,0.28184,0.54594,0.65215,0.37531,0.24941,0.37979,0.48376,0.62765,0.058177,0.65454,0.076671,0.037868,0.29734,0.28939,0.29549,0.18278,0.44872,0.34906,0.37777,0.29055,0.51567,0.63385,0.34405,0.62921,0.26721,0.64383,0.32393,0.37513,0.55122,0.35549,0.56542,0.4314,0.30291,0.5303,0.29856,0.27773,0.63819,0.63848,0.29113,0.63834,0.56063,0.068991,0.63485,0.53751,0.6414,0.13418,0.29281,0.39017,0.35128,0.64201,0.38741,0.63691,0.072959,0.57103,0.070512,0.63589,0.56356,0.62908,0.64399,0.65157,0.5276,0.64032,0.49226,0.35636,0.049206,0.14667,0.03504,0.60508,0.57692,0.30878,0.10882,0.26571,0.63523,0.53582,0.63969,0.30018,0.30562,0.49986,0.55406,0.64935,0.31941,0.38734,0.38324,0.35608,0.6117,0.47225,0.53285,0.49064,0.52127,0.62583,0.53748,0.57666,0.63125,0.58095,0.53952,0.62996
0.84782,0.58476,0.55037,0.52459,0.054984,0.4356,0.82386,0.029259,0.83767,0.37244,0.54993,0.5519,0,0.86328,0.55876,0.072157,0.66066,0.84414,0.49811,0.047761,0.8679,0.8604,0.58318,0.026504,0.43245,0.65015,0.58553,0.5403,0.01329,0.051005,0.86404,0.86792,0.55469,0.85564,0.047285,0.85716,0.66615,0.57785,0.84105,0.85588,0.83795,0.6046,0.031854,0.54497,0.022829,0.05369,0.90725,0.050027,0.031508,0.021797,0.85728,0.04172,0.01826,0.031925,0.022526,0.55921,0.86583,0.8522,0.8368,0.55405,0.86579,0.86471,0.86029,0.85533,0.06532,0.64576,0.53021,0.55514,0.027833,0.51267,0.025858,0.5574,0.0079672,0.81812,0.83338,0.058631,0.056586,0.49577,0.012458,0.56478,0.83792,0.066028,0.83794,0.01675,0.52291,0.59466,0.66162,0.021432,0.85685,0.55939,0.038986,0.018871,0.67157,0.83763,0.81491,0.045414,0.83023,0.48454,0.50961,0.86127,0.82524,0.6613,0.84302,0.86124,0.54334,0.85248,0.016049,0.86587,0.72637,0.86105,0.72644,0.030772,0.60595,0.015219,0.85738,0.080617,0.032243,0.86182,0.87096,0.65707,0.024334,0.62306,0.028693,0.50589,0.47457,0.85836,0.85435,0.65968,0.53448,0.86278,0.66339,0.021729,0.58597,0.02074,0.8661,0.61889,0.53631,0.54907,0.10385,0.84977,0.51297,0.8636,0.53181,0.55039,0.66356,0.55162,0.66266,0.39358,0.66917,0.56211,0.58344,0.65602,0.044102,0.8511,0.44307,0.83336,0.54698,0.84922,0.56168,0.55172,0.0098073,0.57032,0.049441,0.65067,0.66541,0.075267,0.66601,0.55379,0.86518,0.86435,0.64726,0.85478,0.016689,0.52888,0.85822,0.01856,0.85842,0.47303,0.64693,0.64174,0.57466,0.86156,0.61343,0.85312,0.50202,0.022107,0.55737,0.84101,0.020131,0.86379,0.87091,0.8713,0.030796,0.85537,0.059897,0.64616,0.57022,0.4516,0.55399,0.85333,0.036053,0.63129,0.59672,0.5985,0.79999,0.037524,0.85382,0.56344,0.57918,0.064791,0.024259,0.86592,0.45294,0.67859,0.64823,0.66675,0.83879,0.088491,0.038225,0.068206,0.048228,0.83106,0.019299,0.026868,0.83706,0.029189,0.022762,0.86439
0.047085,0.64177,0.69793,0.68159,0.83708,0.68794,0.047048,0.87802,0.042679,0.74858,0.68352,0.6453,0.86328,0,0.63496,0.84685,0.55413,0.059109,0.7366,0.83939,0.0058057,0.032105,0.64775,0.883,0.72355,0.40241,0.6345,0.7334,0.87541,0.84267,0.021847,0.10462,0.69283,0.028379,0.87399,0.041884,0.61809,0.58972,0.049832,0.025445,0.052313,0.64546,0.86307,0.67802,0.87055,0.88065,0.18962,0.85132,0.89395,0.8828,0.029955,0.86892,0.86747,0.88405,0.87755,0.73112,0.030444,0.033871,0.044194,0.67706,0.030717,0.012041,0.029705,0.040996,0.84583,0.62723,0.67587,0.69561,0.86888,0.6957,0.87146,0.67273,0.87011,0.066548,0.058637,0.80479,0.83849,0.63301,0.87511,0.68671,0.064547,0.8564,0.077718,0.87144,0.69892,0.64375,0.41294,0.86668,0.033471,0.69479,0.86035,0.86942,0.48777,0.059232,0.11001,0.851,0.051195,0.72855,0.68134,0.027849,0.064591,0.40628,0.026055,0.023144,0.60192,0.048326,0.87102,0.035889,0.39518,0.028015,0.35581,0.87945,0.67231,0.87011,0.021913,0.78577,0.8569,0.024746,0.029119,0.39236,0.87014,0.65134,0.88073,0.72281,0.6988,0.02331,0.050163,0.40979,0.72442,0.015867,0.55634,0.87685,0.55258,0.86149,0.026584,0.59659,0.62146,0.67441,0.76083,0.053136,0.67959,0.035546,0.68958,0.67958,0.40839,0.62254,0.40668,0.73576,0.63258,0.63352,0.65291,0.40632,0.85734,0.026509,0.50415,0.046617,0.61645,0.043623,0.65095,0.68117,0.8649,0.66579,0.871,0.62481,0.40135,0.83146,0.41213,0.60575,0.019778,0.013397,0.42629,0.01819,0.87963,0.67267,0.03608,0.86228,0.03776,0.73789,0.40173,0.56509,0.62819,0.010303,0.63314,0.028435,0.69603,0.88219,0.70306,0.044257,0.87096,0.034943,0.021678,0.017094,0.85952,0.06425,0.82885,0.59208,0.68254,0.72352,0.67963,0.082494,0.86865,0.57832,0.6929,0.62132,0.11969,0.85947,0.010258,0.58586,0.58989,0.83576,0.88215,0.013796,0.65828,0.48028,0.43767,0.53386,0.044839,0.82763,0.87108,0.83374,0.8693,0.033583,0.86326,0.88605,0.078453,0.88285,0.86869,0.035248
0.6177,0.23919,0.11313,0.27213,0.50817,0.2408,0.6045,0.56686,0.60446,0.24283,0.071205,0.080954,0.55876,0.63496,0,0.4967,0.33807,0.59277,0.19648,0.51463,0.63893,0.61688,0.32797,0.58217,0.15549,0.25813,0.037469,0.17612,0.57089,0.52104,0.64099,0.59637,0.1456,0.6248,0.59669,0.61153,0.38062,0.2858,0.61706,0.61924,0.61414,0.2879,0.53563,0.06453,0.55734,0.60697,0.66089,0.52816,0.58519,0.5739,0.61257,0.54285,0.54861,0.58914,0.57306,0.15715,0.62829,0.6138,0.61342,0.07419,0.62212,0.63792,0.64185,0.61948,0.52736,0.41673,0.052349,0.11335,0.57648,0.11702,0.57552,0.045625,0.56285,0.58667,0.6006,0.51928,0.50436,0.16345,0.56738,0.096185,0.63522,0.51048,0.58023,0.55648,0.10722,0.063178,0.25103,0.55904,0.61211,0.072803,0.58518,0.55078,0.2895,0.61241,0.55229,0.55032,0.60611,0.16502,0.068702,0.63249,0.59653,0.26323,0.61252,0.6313,0.19283,0.61057,0.57061,0.62288,0.40379,0.62303,0.40356,0.56969,0.32296,0.56915,0.61782,0.51429,0.56256,0.61842,0.62644,0.26368,0.55863,0.35397,0.57971,0.12046,0.23305,0.63475,0.60967,0.26178,0.15725,0.6251,0.33098,0.56398,0.20956,0.55012,0.6386,0.29885,0.17472,0.30591,0.48686,0.61111,0.12392,0.64009,0.06447,0.080136,0.25532,0.21371,0.25456,0.18939,0.37059,0.27388,0.3011,0.25081,0.52258,0.62066,0.30482,0.61469,0.1918,0.62868,0.2473,0.30073,0.55949,0.27883,0.56537,0.35378,0.26172,0.52676,0.25516,0.20255,0.62609,0.62744,0.24395,0.62603,0.5676,0.051821,0.62028,0.54449,0.6264,0.19043,0.25343,0.3155,0.27525,0.63048,0.30969,0.6233,0.1016,0.57896,0.14124,0.62106,0.56798,0.61591,0.63155,0.6393,0.53385,0.62204,0.50011,0.27861,0.075062,0.2045,0.09962,0.58681,0.58604,0.23181,0.068203,0.18576,0.63584,0.53838,0.62902,0.22631,0.23006,0.50192,0.56227,0.64062,0.25817,0.32093,0.32388,0.28352,0.59783,0.48563,0.53805,0.50262,0.53103,0.6164,0.5449,0.58438,0.61181,0.58791,0.54775,0.61664
0.83137,0.53685,0.48356,0.47936,0.040411,0.38621,0.80784,0.082701,0.82037,0.30396,0.48402,0.48817,0.072157,0.84685,0.4967,0,0.62303,0.82485,0.43047,0.042692,0.85156,0.8423,0.54457,0.093957,0.36462,0.6082,0.52285,0.47243,0.081286,0.058007,0.84859,0.84726,0.48863,0.83908,0.11408,0.83884,0.63049,0.53761,0.82519,0.8385,0.82205,0.56064,0.041983,0.47942,0.072667,0.1237,0.8914,0.062335,0.091576,0.080647,0.8388,0.050316,0.056915,0.10165,0.086713,0.4911,0.84871,0.83459,0.82078,0.48842,0.84781,0.84868,0.8454,0.83828,0.079137,0.61547,0.46529,0.48848,0.096253,0.44598,0.093533,0.49247,0.072945,0.80066,0.81624,0.078744,0.022307,0.44288,0.076268,0.49857,0.82474,0.019239,0.81786,0.067634,0.456,0.53107,0.61816,0.069422,0.83847,0.493,0.10939,0.060632,0.63025,0.82164,0.7938,0.087583,0.81397,0.41634,0.44545,0.84513,0.80841,0.61921,0.82595,0.84489,0.49449,0.83463,0.081821,0.84809,0.69505,0.84369,0.69552,0.085769,0.56431,0.080432,0.83951,0.094667,0.090371,0.84358,0.85296,0.61524,0.075412,0.5853,0.088605,0.43775,0.42376,0.84272,0.83621,0.61754,0.46667,0.84526,0.62475,0.076296,0.53956,0.067943,0.85023,0.57778,0.48493,0.50765,0.10487,0.83235,0.44739,0.84828,0.46601,0.4846,0.62044,0.50335,0.6195,0.32546,0.63152,0.51899,0.54141,0.61286,0.029923,0.83441,0.41325,0.81784,0.49718,0.83397,0.51477,0.50914,0.07095,0.52557,0.095945,0.61258,0.62286,0.094106,0.62272,0.50536,0.84763,0.84693,0.60395,0.8383,0.075389,0.46408,0.84091,0.054312,0.84192,0.40483,0.60463,0.60244,0.53151,0.84488,0.57204,0.83661,0.43536,0.087398,0.4906,0.82558,0.084178,0.8452,0.85352,0.85484,0.043923,0.83896,0.027173,0.60179,0.50435,0.38481,0.48818,0.83261,0.10331,0.58389,0.53144,0.54654,0.78844,0.061588,0.83763,0.51791,0.53327,0.044151,0.067129,0.84974,0.40853,0.64017,0.613,0.62385,0.82049,0.036677,0.048228,0.032066,0.034737,0.81539,0.053736,0.092707,0.82128,0.099113,0.054084,0.84585
0.51605,0.14369,0.45026,0.19068,0.6116,0.26607,0.51486,0.65957,0.51245,0.51132,0.40731,0.41192,0.66066,0.55413,0.33807,0.62303,0,0.49887,0.52124,0.61745,0.55567,0.52786,0.12214,0.67708,0.43132,0.22611,0.36178,0.5109,0.67184,0.61468,0.5486,0.47788,0.48059,0.53134,0.69679,0.5184,0.074075,0.091071,0.51509,0.53078,0.51199,0.11596,0.6488,0.39993,0.6534,0.7015,0.48151,0.6203,0.68767,0.68096,0.52975,0.66644,0.6562,0.68257,0.66727,0.4944,0.53392,0.52263,0.51702,0.41188,0.5324,0.55049,0.54632,0.52087,0.60887,0.11604,0.37537,0.45091,0.665,0.44528,0.66544,0.37976,0.66734,0.48981,0.49961,0.61432,0.61955,0.22877,0.6718,0.43425,0.52744,0.64105,0.48121,0.6576,0.4382,0.38902,0.22765,0.67126,0.52537,0.40561,0.67422,0.6549,0.09899,0.50644,0.44651,0.63123,0.50903,0.48453,0.3514,0.53725,0.49464,0.2167,0.52866,0.53885,0.16699,0.51194,0.67553,0.52872,0.16932,0.5317,0.2037,0.66137,0.13292,0.67444,0.53534,0.61617,0.64749,0.53676,0.5379,0.23955,0.65289,0.10768,0.68819,0.44064,0.24961,0.54221,0.51102,0.21218,0.49142,0.54257,0.010865,0.66144,0.1311,0.64654,0.54324,0.064719,0.19137,0.1643,0.5743,0.50861,0.45061,0.54009,0.38671,0.41745,0.22929,0.15831,0.23346,0.43823,0.081175,0.13046,0.12763,0.2369,0.63693,0.53012,0.25397,0.51803,0.17191,0.52712,0.15484,0.16913,0.66596,0.15103,0.64543,0.073124,0.23147,0.59876,0.22473,0.15651,0.54049,0.54594,0.20734,0.53823,0.67148,0.37631,0.52475,0.65192,0.52724,0.50678,0.23505,0.026804,0.11894,0.54558,0.094622,0.53042,0.4222,0.68232,0.47816,0.52211,0.66113,0.52858,0.54363,0.54993,0.64241,0.50941,0.61733,0.07521,0.41215,0.51161,0.43669,0.48512,0.6865,0.11235,0.36952,0.16907,0.59547,0.63381,0.54729,0.12866,0.12009,0.60327,0.67278,0.56546,0.22878,0.084434,0.12174,0.07295,0.50961,0.62426,0.64541,0.63243,0.65429,0.54099,0.65384,0.68627,0.49474,0.68513,0.65974,0.52854
0.034363,0.58981,0.66174,0.63215,0.81496,0.64356,0.046159,0.85767,0.026682,0.71902,0.6446,0.60848,0.84414,0.059109,0.59277,0.82485,0.49887,0,0.70586,0.8177,0.059461,0.029171,0.59577,0.86402,0.68754,0.35249,0.59315,0.70082,0.85646,0.82053,0.057151,0.0543,0.65944,0.038863,0.85776,0.020154,0.56316,0.53797,0.040901,0.034345,0.040511,0.59235,0.84261,0.63893,0.85013,0.86441,0.15726,0.82909,0.8751,0.86413,0.032703,0.84968,0.84748,0.86557,0.85801,0.69668,0.037755,0.026694,0.04007,0.63868,0.033652,0.055836,0.059717,0.029994,0.82296,0.57417,0.63549,0.65947,0.84986,0.66025,0.85227,0.63201,0.85109,0.033363,0.028015,0.78553,0.81694,0.58684,0.85614,0.64934,0.072412,0.83545,0.018678,0.85134,0.66245,0.6038,0.36262,0.84826,0.027076,0.65495,0.84297,0.84918,0.43237,0.040574,0.052478,0.83,0.038212,0.69535,0.63968,0.045377,0.035124,0.35513,0.039333,0.045043,0.55268,0.019619,0.85277,0.031386,0.33812,0.034532,0.29877,0.85918,0.61925,0.85182,0.038691,0.76808,0.83707,0.039392,0.039118,0.34287,0.84973,0.59783,0.86297,0.68576,0.65227,0.051971,0.017632,0.3585,0.69077,0.045238,0.5009,0.85674,0.50144,0.8411,0.051061,0.54287,0.57283,0.62382,0.74078,0.024125,0.64545,0.053614,0.64937,0.64162,0.358,0.57239,0.35662,0.7005,0.57734,0.58235,0.60073,0.3569,0.83609,0.038024,0.46558,0.046311,0.56694,0.049028,0.59991,0.63044,0.84614,0.6142,0.84987,0.57011,0.35091,0.80875,0.36135,0.55577,0.042224,0.048718,0.37562,0.045127,0.86027,0.63254,0.029869,0.84226,0.03768,0.70637,0.35264,0.51049,0.57642,0.049803,0.57967,0.038887,0.65899,0.86375,0.66881,0.046349,0.85134,0.029963,0.045049,0.053096,0.83873,0.04166,0.80779,0.53734,0.64345,0.69384,0.64314,0.027035,0.85178,0.52476,0.64947,0.56983,0.15999,0.83794,0.055854,0.53518,0.53836,0.81292,0.86265,0.071661,0.61293,0.42435,0.38368,0.47844,0.018769,0.80709,0.84969,0.81369,0.84878,0.065345,0.84335,0.86771,0.051453,0.8647,0.84892,0.029847
0.72857,0.41305,0.095763,0.41908,0.45578,0.34978,0.70946,0.51172,0.71286,0.12723,0.13336,0.13097,0.49811,0.7366,0.19648,0.43047,0.52124,0.70586,0,0.46133,0.74148,0.72544,0.49164,0.52287,0.12631,0.4184,0.19105,0.046605,0.50911,0.47307,0.74596,0.72212,0.07861,0.73234,0.53118,0.72232,0.55927,0.45587,0.72697,0.72618,0.72422,0.46152,0.4714,0.13682,0.50135,0.54382,0.80056,0.4801,0.52051,0.50756,0.71914,0.46985,0.486,0.5297,0.51568,0.074881,0.73726,0.72237,0.72127,0.13012,0.73072,0.74177,0.74718,0.73016,0.48672,0.58615,0.15604,0.098435,0.52212,0.079974,0.52045,0.16204,0.49985,0.69748,0.71251,0.46955,0.44429,0.31175,0.50379,0.11874,0.74273,0.43839,0.69708,0.49712,0.092164,0.17626,0.41512,0.49114,0.72024,0.14413,0.52875,0.4903,0.47556,0.72426,0.674,0.50548,0.7147,0.043214,0.18181,0.73999,0.70823,0.42805,0.71686,0.73799,0.36243,0.7228,0.50595,0.73304,0.57785,0.73116,0.57123,0.51479,0.49062,0.50447,0.72303,0.46062,0.51281,0.72401,0.73453,0.42063,0.50363,0.52452,0.5113,0.09665,0.35739,0.74016,0.72247,0.42772,0.052707,0.72962,0.51557,0.50599,0.39065,0.49491,0.74564,0.47769,0.34201,0.45932,0.44874,0.72417,0.075724,0.74813,0.14937,0.12309,0.41857,0.38244,0.41646,0.1546,0.55043,0.43859,0.46719,0.41064,0.45996,0.72719,0.41208,0.72173,0.3618,0.73729,0.41263,0.45443,0.49554,0.44188,0.51901,0.53209,0.42358,0.49221,0.42042,0.3745,0.73204,0.73131,0.41174,0.73093,0.50452,0.1536,0.73014,0.48258,0.73628,0.030588,0.41104,0.4977,0.44386,0.73446,0.48416,0.73051,0.10377,0.51431,0.080412,0.72891,0.51203,0.72467,0.7382,0.74479,0.47317,0.73741,0.43911,0.46572,0.14137,0.048327,0.10864,0.70599,0.52185,0.42137,0.20362,0.37108,0.70897,0.48617,0.73066,0.39937,0.40727,0.45244,0.49557,0.73916,0.38149,0.50488,0.49631,0.47306,0.70655,0.41177,0.47791,0.43191,0.46064,0.71429,0.48188,0.51996,0.72778,0.52602,0.4822,0.72565
0.82273,0.53835,0.50951,0.4783,0.0073371,0.38855,0.79946,0.052949,0.81248,0.33496,0.50721,0.51072,0.047761,0.83939,0.51463,0.042692,0.61745,0.8177,0.46133,0,0.84398,0.83504,0.53869,0.067873,0.3895,0.61041,0.54223,0.50229,0.058439,0.017569,0.84015,0.83964,0.51588,0.83096,0.093614,0.83143,0.62281,0.53351,0.81624,0.83095,0.81308,0.55886,0.033014,0.50208,0.042909,0.10025,0.87916,0.024546,0.073095,0.064841,0.83199,0.05618,0.038884,0.075322,0.058471,0.51989,0.84083,0.82697,0.81215,0.51176,0.84051,0.84073,0.83655,0.83008,0.040705,0.60407,0.48627,0.51436,0.06392,0.47181,0.062046,0.51373,0.052482,0.79243,0.80779,0.050477,0.022209,0.44921,0.056591,0.52329,0.81439,0.050731,0.81073,0.042788,0.48145,0.55215,0.62136,0.057765,0.83141,0.5162,0.079579,0.038406,0.62877,0.81251,0.78659,0.046618,0.80535,0.44528,0.46444,0.83679,0.79973,0.6212,0.81843,0.83678,0.49745,0.82673,0.062757,0.84048,0.68774,0.83603,0.68886,0.055821,0.56058,0.061566,0.83248,0.077425,0.052911,0.83676,0.84576,0.61776,0.044298,0.57883,0.074142,0.46378,0.42729,0.8343,0.82844,0.61944,0.49547,0.83813,0.6199,0.049697,0.54126,0.035563,0.84181,0.57426,0.48989,0.50368,0.08254,0.82406,0.47307,0.83938,0.48794,0.50832,0.62346,0.50541,0.62268,0.3502,0.62516,0.51662,0.53805,0.61617,0.02576,0.82645,0.405,0.80897,0.50073,0.82486,0.51532,0.50603,0.052174,0.52425,0.059071,0.60656,0.62556,0.053494,0.6257,0.50783,0.84037,0.83983,0.6065,0.83044,0.05571,0.48508,0.83299,0.034878,0.8335,0.43525,0.60735,0.59796,0.52921,0.83729,0.56837,0.82848,0.45977,0.068142,0.518,0.81662,0.053657,0.83824,0.84612,0.847,0.025286,0.8298,0.02983,0.60095,0.52769,0.41508,0.51295,0.82572,0.082,0.58586,0.55199,0.55199,0.78102,0.026766,0.82997,0.51818,0.53377,0.01788,0.055342,0.84252,0.40695,0.63647,0.6079,0.62274,0.81319,0.067709,0.032278,0.053066,0.046478,0.80769,0.03685,0.072795,0.81152,0.075427,0.042803,0.83884
0.046039,0.64431,0.7024,0.68432,0.84166,0.69134,0.049438,0.88255,0.04384,0.75351,0.68778,0.64972,0.8679,0.0058057,0.63893,0.85156,0.55567,0.059461,0.74148,0.84398,0,0.031471,0.64984,0.88757,0.72807,0.4054,0.63851,0.73812,0.88003,0.84718,0.018858,0.1027,0.69748,0.027233,0.87865,0.04114,0.61942,0.59201,0.049328,0.025418,0.05206,0.64764,0.86774,0.68228,0.8751,0.88527,0.18581,0.85582,0.89857,0.88746,0.030959,0.87368,0.87211,0.88862,0.8821,0.7357,0.027812,0.03382,0.044749,0.68137,0.029177,0.0090613,0.027378,0.039515,0.85024,0.6285,0.68003,0.70008,0.87341,0.70026,0.876,0.67684,0.87475,0.068061,0.058915,0.8094,0.84316,0.63643,0.87975,0.69107,0.063719,0.86117,0.078003,0.87603,0.7034,0.64786,0.41587,0.87139,0.033717,0.69897,0.86492,0.87404,0.48968,0.058672,0.11082,0.85544,0.052122,0.73329,0.68539,0.025363,0.065259,0.40908,0.028857,0.020943,0.60492,0.047378,0.87568,0.033773,0.39604,0.0266,0.35685,0.88397,0.67436,0.87477,0.023284,0.79048,0.86139,0.02552,0.027005,0.39541,0.87468,0.6531,0.88542,0.72726,0.70203,0.021574,0.049117,0.41258,0.72909,0.016431,0.55791,0.88142,0.55532,0.86605,0.023089,0.59859,0.62458,0.67683,0.76541,0.052036,0.68424,0.032418,0.69376,0.68392,0.4113,0.62537,0.40964,0.74031,0.63398,0.63598,0.65514,0.40938,0.862,0.026663,0.50768,0.047376,0.61942,0.042284,0.65357,0.68362,0.86957,0.66822,0.87543,0.62638,0.40426,0.83582,0.41499,0.60863,0.018772,0.014076,0.42919,0.018508,0.88425,0.67686,0.034596,0.86692,0.035658,0.74274,0.40484,0.56687,0.63057,0.010086,0.63515,0.027777,0.70048,0.88683,0.70765,0.044062,0.87551,0.034306,0.018883,0.01242,0.86415,0.062004,0.83355,0.59407,0.68677,0.72848,0.68407,0.08187,0.87331,0.58067,0.69673,0.62408,0.12414,0.864,0.014137,0.58857,0.59249,0.84031,0.88682,0.016688,0.66147,0.48191,0.43961,0.53575,0.046387,0.83247,0.87569,0.83853,0.87403,0.03842,0.86792,0.89068,0.077275,0.88745,0.87337,0.034408
