0,0.071611,0.52534,0.063226,0.60648,0.60037,0.6073,0.39798,0.06043,0.57792,0.62402,0.59125,0.61032,0.34364,0.31443,0.3617,0.61831,0.62269,0.33551,0.60166,0.61175,0.61275,0.064179,0.58624,0.57288,0.04211,0.57819,0.35863,0.59286,0.61439,0.5947,0.65013,0.60458,0.41257,0.57938,0.58873,0.58264,0.31053,0.40118,0.61513,0.39899,0.60593,0.60033,0.60216,0.56777,0.56338,0.16756,0.60747,0.34763,0.5651,0.47456,0.38384,0.32456,0.59755,0.59687,0.62779,0.60883,0.12092,0.045203,0.59821,0.57371,0.40081,0.61977,0.32315,0.12618,0.59754,0.60876,0.61129,0.28596,0.61497,0.30852,0.034353,0.61185,0.58494,0.54851,0.60468,0.60859,0.031703,0.61821,0.35705,0.063807,0.6155,0.60107,0.32516,0.34112,0.62053,0.05775,0.6139,0.17264,0.57969,0.61208,0.060773,0.17098,0.068217,0.52961,0.59311,0.61442,0.34499,0.37576,0.10807,0.328,0.35198,0.046248,0.027408,0.048297,0.5914,0.60808,0.60416,0.11452,0.61797,0.023377,0.0479,0.61702,0.6178,0.041371,0.34529,0.58103,0.61396,0.59661,0.29599,0.60887,0.60453,0.60929,0.61556,0.59509,0.42571,0.028336,0.061736,0.62076,0.61684,0.38018,0.62186,0.64674,0.61986,0.60202,0.61834,0.6188,0.59221,0.56217,0.086003,0.30434,0.43728,0.40632,0.60323,0.62221,0.11193,0.56574,0.56982,0.61072,0.61962,0.59907,0.62539,0.57378,0.61892,0.62862,0.60201,0.61503,0.61552,0.60854,0.60411,0.61617,0.57933,0.59395,0.57283,0.61153,0.59911,0.61792,0.60933,0.60881,0.61884,0.62572,0.60268,0.055346,0.045019,0.052314,0.018374,0.61592,0.57222,0.61243,0.40347,0.32429,0.3169,0.38021,0.36825,0.40575,0.38942,0.24914,0.61815,0.60693,0.61136,0.61544,0.61562,0.10066,0.58798,0.3924,0.61117,0.38383,0.41704,0.011186,0.60472,0.28979,0.41446,0.58739,0.37003,0.62866,0.63612,0.069935,0.633,0.069212,0.63605,0.62967,0.033498,0.6129,0.50334,0.66132,0.54587,0.13463,0.64876,0.58377,0.57396,0.61082,0.069228,0.57813,0.59851,0.58753,0.30198,0.60055,0.59427
0.071611,0,0.53739,0.037061,0.61908,0.61391,0.65272,0.46158,0.10301,0.62314,0.66943,0.63708,0.62181,0.39151,0.38295,0.42529,0.62889,0.66848,0.38763,0.6461,0.62211,0.65881,0.067826,0.63137,0.6174,0.030087,0.59061,0.41965,0.60542,0.62602,0.64024,0.66101,0.64967,0.47354,0.62237,0.6375,0.59602,0.3686,0.4617,0.62773,0.4609,0.61804,0.61076,0.64628,0.57954,0.57495,0.22837,0.62204,0.40758,0.58002,0.52529,0.44289,0.39276,0.60903,0.64201,0.64069,0.62337,0.17242,0.096207,0.64193,0.58382,0.45751,0.66452,0.39174,0.19766,0.64244,0.61987,0.65654,0.33321,0.66068,0.35088,0.079585,0.62613,0.62932,0.55899,0.6502,0.62091,0.040598,0.62998,0.41191,0.11185,0.66112,0.64684,0.39347,0.39594,0.66585,0.079603,0.62506,0.24296,0.59282,0.65683,0.030491,0.23909,0.10365,0.54115,0.63733,0.66016,0.40438,0.43782,0.17876,0.39687,0.40039,0.071691,0.084874,0.023579,0.6041,0.65186,0.6488,0.18455,0.66173,0.068934,0.030157,0.62823,0.62968,0.049686,0.4131,0.59466,0.65958,0.64087,0.3639,0.65401,0.6165,0.65406,0.62851,0.64284,0.48369,0.053382,0.010119,0.66624,0.66068,0.43569,0.63341,0.6916,0.63205,0.64826,0.66383,0.66487,0.60449,0.57768,0.15719,0.36532,0.49459,0.46777,0.64718,0.6337,0.18351,0.60694,0.57985,0.62191,0.62945,0.61073,0.63653,0.58228,0.62904,0.6378,0.61401,0.62637,0.62693,0.6209,0.61756,0.62785,0.59033,0.60538,0.58415,0.62241,0.6117,0.63044,0.62194,0.62132,0.6312,0.63819,0.61325,0.028294,0.039778,0.1229,0.088667,0.65973,0.6176,0.65606,0.46111,0.38363,0.3659,0.43703,0.43183,0.46585,0.44698,0.31082,0.66385,0.65308,0.65762,0.66116,0.66126,0.17208,0.63298,0.45421,0.65775,0.44488,0.47131,0.068023,0.64921,0.33108,0.46958,0.59842,0.4253,0.67313,0.68139,0.065618,0.67725,0.085101,0.68039,0.67522,0.067872,0.658,0.55892,0.70716,0.55182,0.1402,0.69929,0.59218,0.58071,0.65544,0.13125,0.59145,0.61186,0.63199,0.36501,0.64409,0.60767
0.52534,0.53739,0,0.50773,0.12384,0.11521,0.87887,0.4963,0.56895,0.85747,0.88889,0.86848,0.13046,0.33405,0.62181,0.48051,0.13983,0.89011,0.40155,0.87744,0.13977,0.88066,0.58269,0.8637,0.84712,0.53533,0.098381,0.47038,0.11434,0.13008,0.87419,0.17348,0.87957,0.48542,0.85578,0.87416,0.10629,0.43743,0.47098,0.14517,0.48088,0.12936,0.12882,0.86304,0.10661,0.10065,0.43071,0.12386,0.45271,0.071567,0.75295,0.46007,0.63227,0.10901,0.87548,0.16127,0.12424,0.6107,0.54009,0.86253,0.11562,0.41653,0.88729,0.62521,0.52141,0.87188,0.12693,0.88182,0.68798,0.88136,0.69327,0.53314,0.12575,0.86263,0.12087,0.87569,0.11838,0.52612,0.13167,0.38711,0.47008,0.88464,0.87484,0.63084,0.38486,0.88897,0.57632,0.13077,0.55679,0.10155,0.88151,0.55809,0.48698,0.45898,0.11386,0.87033,0.88165,0.44857,0.49501,0.50314,0.6253,0.34299,0.57051,0.54603,0.53526,0.10544,0.88018,0.8615,0.5166,0.87553,0.50496,0.52477,0.13489,0.13557,0.55187,0.64111,0.11284,0.88343,0.87797,0.60803,0.87836,0.1194,0.87964,0.13196,0.87418,0.4503,0.52416,0.53715,0.8871,0.88379,0.40348,0.13386,0.88891,0.1373,0.87437,0.88522,0.88349,0.11583,0.1332,0.53302,0.45105,0.43128,0.4867,0.87626,0.13452,0.52399,0.844,0.11838,0.13769,0.1412,0.12207,0.14177,0.12174,0.14667,0.15394,0.11877,0.13079,0.13206,0.1381,0.1209,0.13084,0.11064,0.11882,0.10854,0.1312,0.1109,0.13057,0.1241,0.12105,0.13378,0.14069,0.13587,0.55178,0.55138,0.52629,0.52946,0.87386,0.8498,0.87461,0.42189,0.43412,0.3363,0.41681,0.46151,0.44103,0.42373,0.443,0.8853,0.87684,0.88194,0.88412,0.88298,0.51628,0.85598,0.47975,0.87801,0.46319,0.38221,0.52273,0.87548,0.66868,0.41727,0.099642,0.42125,0.87259,0.88429,0.47567,0.87502,0.49536,0.8889,0.88535,0.51696,0.87238,0.75841,0.88328,0.10533,0.40453,0.87875,0.13347,0.12994,0.89003,0.56776,0.080753,0.12948,0.85584,0.45828,0.86156,0.10255
0.063226,0.037061,0.50773,0,0.5929,0.58729,0.66176,0.43253,0.1134,0.63236,0.67831,0.64606,0.59605,0.35687,0.3752,0.39631,0.60348,0.67732,0.35366,0.65572,0.59699,0.66744,0.089453,0.64061,0.62657,0.037329,0.5641,0.3893,0.57924,0.60005,0.64951,0.63612,0.659,0.44297,0.63237,0.64555,0.56958,0.33694,0.43084,0.60238,0.43079,0.59227,0.58545,0.65525,0.55382,0.54908,0.20032,0.59537,0.3766,0.55197,0.53053,0.41141,0.38562,0.58258,0.65142,0.61568,0.59667,0.18054,0.099516,0.65121,0.55866,0.42485,0.67378,0.38384,0.18147,0.65174,0.59404,0.66565,0.3436,0.66942,0.3629,0.065574,0.59945,0.63888,0.5345,0.65914,0.59439,0.036003,0.60391,0.37883,0.082164,0.67004,0.65577,0.38611,0.36293,0.67491,0.096694,0.59923,0.23317,0.56628,0.6661,0.057446,0.21541,0.072628,0.51635,0.64702,0.66892,0.37315,0.40825,0.16103,0.38851,0.36568,0.083098,0.086229,0.035513,0.57747,0.66163,0.65739,0.16572,0.67086,0.049354,0.021934,0.60249,0.60383,0.06504,0.40616,0.56854,0.6685,0.6508,0.35653,0.66308,0.59027,0.66334,0.60234,0.65111,0.45149,0.054047,0.035032,0.67513,0.67025,0.40265,0.60735,0.69976,0.60615,0.65693,0.67272,0.6734,0.57846,0.55257,0.1442,0.33505,0.46207,0.43748,0.65688,0.60767,0.16929,0.6176,0.55493,0.59658,0.60418,0.58491,0.61085,0.55762,0.60407,0.61298,0.58784,0.60046,0.60106,0.59546,0.59113,0.60184,0.56465,0.5796,0.55848,0.59674,0.5851,0.60417,0.59565,0.5949,0.60511,0.61217,0.58821,0.052205,0.051041,0.10911,0.081472,0.66883,0.62658,0.66542,0.42883,0.35236,0.33189,0.40447,0.40278,0.43468,0.41469,0.28121,0.67266,0.66172,0.6663,0.67001,0.67008,0.15604,0.6418,0.42409,0.66609,0.41427,0.438,0.055786,0.65858,0.34266,0.43629,0.57193,0.39222,0.68135,0.68959,0.033646,0.6855,0.052378,0.68922,0.68362,0.046902,0.66661,0.56093,0.71398,0.52705,0.10606,0.70433,0.56788,0.55663,0.66525,0.13116,0.56385,0.58611,0.64105,0.33589,0.65329,0.58062
0.60648,0.61908,0.12384,0.5929,0,0.012282,0.88436,0.57569,0.6429,0.86562,0.89237,0.87604,0.011855,0.4268,0.67469,0.56148,0.023452,0.89443,0.49731,0.88329,0.026325,0.88569,0.66135,0.87101,0.854,0.61718,0.029799,0.55653,0.013666,0.011368,0.88184,0.052383,0.88559,0.56851,0.86175,0.88579,0.024585,0.52825,0.55436,0.023143,0.56244,0.0096378,0.023732,0.86578,0.040671,0.04468,0.51295,0.017768,0.53972,0.059009,0.7702,0.54709,0.68407,0.017876,0.88257,0.038201,0.017913,0.68173,0.61405,0.86583,0.04261,0.50052,0.89097,0.67728,0.59967,0.87795,0.013277,0.88681,0.73406,0.88573,0.73286,0.61947,0.016856,0.86951,0.069382,0.88125,0.010616,0.60829,0.013525,0.47407,0.55599,0.88946,0.88127,0.68265,0.47243,0.89322,0.65285,0.014557,0.6263,0.027719,0.88589,0.6384,0.56911,0.54382,0.083154,0.87667,0.88624,0.53639,0.58034,0.58135,0.67736,0.43629,0.65111,0.62437,0.61689,0.018694,0.88458,0.86384,0.59911,0.87668,0.58777,0.60864,0.016567,0.013795,0.63045,0.68969,0.027185,0.88838,0.885,0.66078,0.88317,0.007129,0.88432,0.0099287,0.88345,0.53404,0.60266,0.61886,0.89105,0.88685,0.49021,0.017587,0.88667,0.014796,0.88084,0.88938,0.88765,0.01494,0.062305,0.61304,0.53837,0.51179,0.56948,0.88117,0.018131,0.60112,0.8499,0.048049,0.020251,0.029084,0.012363,0.023158,0.052746,0.031427,0.041207,0.007473,0.013671,0.013736,0.01824,0.0080922,0.012316,0.031648,0.01737,0.036793,0.016622,0.013224,0.011725,0.0038898,0.0069417,0.012522,0.019625,0.027049,0.6322,0.63404,0.60832,0.60935,0.87522,0.85793,0.8768,0.50405,0.52133,0.42665,0.50269,0.53795,0.51952,0.50807,0.52966,0.88968,0.88256,0.8877,0.88892,0.88745,0.59533,0.86133,0.56211,0.88328,0.5459,0.46356,0.60559,0.88026,0.70814,0.50388,0.028258,0.5121,0.87119,0.88394,0.56016,0.87292,0.58651,0.88878,0.88691,0.60323,0.87506,0.77487,0.87737,0.084096,0.49529,0.87891,0.051483,0.065624,0.8963,0.64512,0.044163,0.017497,0.86088,0.5422,0.86402,0.023432
0.60037,0.61391,0.11521,0.58729,0.012282,0,0.88054,0.56451,0.63711,0.86171,0.88865,0.87208,0.023923,0.41583,0.66685,0.55057,0.035642,0.89062,0.48631,0.87956,0.038097,0.88183,0.6558,0.86715,0.85024,0.61159,0.024757,0.54548,0.013596,0.022819,0.8779,0.063417,0.88178,0.55706,0.85819,0.8813,0.018359,0.51759,0.54297,0.033028,0.55114,0.020658,0.033307,0.86226,0.039737,0.042774,0.50462,0.012127,0.52874,0.04806,0.76541,0.53576,0.67627,0.018683,0.87871,0.047557,0.012637,0.67543,0.60826,0.86232,0.04588,0.48902,0.88731,0.66941,0.59196,0.87416,0.024287,0.88303,0.72856,0.88194,0.72798,0.61297,0.013587,0.86575,0.070538,0.87743,0.01341,0.60255,0.023922,0.46293,0.54923,0.88565,0.87738,0.67482,0.46147,0.88947,0.64723,0.026144,0.61871,0.021224,0.8822,0.63306,0.56054,0.53739,0.081743,0.87294,0.88243,0.52541,0.5692,0.5739,0.66941,0.42518,0.6452,0.61832,0.61141,0.012461,0.88099,0.86029,0.59131,0.87328,0.58164,0.60297,0.028539,0.025487,0.62492,0.68194,0.023454,0.88456,0.88122,0.65314,0.87942,0.014366,0.88062,0.018226,0.87919,0.52238,0.59705,0.61355,0.8873,0.88333,0.47884,0.027522,0.88331,0.025734,0.87689,0.88561,0.88383,0.016998,0.060469,0.60581,0.52786,0.50007,0.55809,0.87754,0.028269,0.5937,0.84653,0.051303,0.032013,0.041018,0.020365,0.034618,0.057757,0.043615,0.053405,0.014247,0.025102,0.025453,0.028208,0.005867,0.023358,0.033553,0.02317,0.037206,0.028292,0.0091309,0.019879,0.012629,0.012056,0.022441,0.028859,0.037294,0.62682,0.62832,0.60142,0.60309,0.8718,0.85402,0.87335,0.49256,0.51057,0.41609,0.49135,0.52707,0.50814,0.49668,0.51987,0.88588,0.87865,0.88377,0.8851,0.88366,0.58792,0.85759,0.55085,0.87935,0.53467,0.45192,0.59941,0.87658,0.7034,0.49221,0.026825,0.50079,0.86784,0.88044,0.55446,0.86963,0.57997,0.88536,0.88328,0.59692,0.87143,0.76952,0.87409,0.085782,0.48906,0.87476,0.058766,0.071748,0.89252,0.63858,0.034614,0.021657,0.85722,0.53182,0.86058,0.013349
0.6073,0.65272,0.87887,0.66176,0.88436,0.88054,0,0.66667,0.55908,0.029743,0.017851,0.017469,0.8879,0.71745,0.39165,0.65067,0.8942,0.016184,0.71952,0.012869,0.88694,0.009613,0.60536,0.021581,0.037789,0.63354,0.87007,0.67728,0.87506,0.89291,0.016134,0.90792,0.0062437,0.70113,0.040524,0.052145,0.86658,0.67663,0.69657,0.87872,0.68308,0.8811,0.88108,0.029156,0.85602,0.85619,0.59581,0.88006,0.67775,0.86804,0.14388,0.70289,0.38305,0.88839,0.013606,0.88106,0.88161,0.51037,0.56449,0.030122,0.86239,0.71212,0.015277,0.38865,0.54937,0.011648,0.89005,0.0045361,0.33226,0.010153,0.30614,0.63137,0.88497,0.025713,0.83452,0.0032096,0.89235,0.63007,0.89617,0.69638,0.62921,0.0086514,0.0077657,0.38432,0.68854,0.013325,0.5855,0.89346,0.48959,0.86732,0.0099094,0.63137,0.57742,0.63504,0.82003,0.019985,0.0091423,0.68078,0.67989,0.55746,0.39112,0.72424,0.60583,0.5855,0.63673,0.8794,0.018894,0.029965,0.57539,0.033697,0.62248,0.64698,0.89402,0.89204,0.60862,0.36764,0.85956,0.0071684,0.019815,0.39189,0.0054151,0.88743,0.0085115,0.88849,0.033746,0.72514,0.60835,0.64586,0.014241,0.022361,0.70972,0.90003,0.056418,0.89228,0.010769,0.011923,0.015251,0.87414,0.82233,0.5648,0.65326,0.72648,0.69377,0.017531,0.90021,0.54543,0.064648,0.85708,0.88402,0.89787,0.87979,0.89975,0.86539,0.89152,0.90221,0.88468,0.89421,0.89359,0.87686,0.88108,0.89447,0.86802,0.87702,0.86142,0.89116,0.88511,0.89415,0.88776,0.88987,0.89324,0.89643,0.87814,0.63061,0.63285,0.58789,0.59197,0.032656,0.035207,0.029018,0.70518,0.6674,0.69253,0.70353,0.63932,0.68598,0.70261,0.62731,0.011877,0.008298,0.010883,0.0090417,0.009605,0.5595,0.024753,0.68188,0.014278,0.6811,0.72288,0.61816,0.012219,0.32266,0.73516,0.88461,0.71765,0.049748,0.04294,0.65651,0.054375,0.67101,0.0408,0.030121,0.63944,0.021458,0.15642,0.086178,0.86258,0.69174,0.086944,0.86818,0.86847,0.015559,0.55711,0.88001,0.8682,0.027838,0.63329,0.03472,0.88316
0.39798,0.46158,0.4963,0.43253,0.57569,0.56451,0.66667,0,0.42006,0.64563,0.6791,0.65234,0.58569,0.17296,0.29635,0.036823,0.59748,0.67627,0.12985,0.66891,0.59533,0.66645,0.45189,0.65253,0.64432,0.43571,0.55356,0.05076,0.56585,0.58674,0.6575,0.6242,0.66728,0.035318,0.65904,0.63389,0.55359,0.10645,0.037355,0.58796,0.021363,0.58007,0.58529,0.66744,0.55398,0.55053,0.244,0.56545,0.066412,0.52363,0.53067,0.054593,0.30394,0.57155,0.66151,0.59873,0.5664,0.40337,0.40662,0.66736,0.56797,0.087098,0.68015,0.29625,0.28902,0.66242,0.58544,0.67083,0.46049,0.67006,0.49114,0.39039,0.5698,0.65595,0.55318,0.66379,0.57597,0.42322,0.5884,0.11396,0.35249,0.67173,0.65997,0.30182,0.12055,0.67762,0.43965,0.58913,0.2943,0.55172,0.6742,0.4573,0.23024,0.36785,0.53446,0.66344,0.66962,0.072102,0.037018,0.30074,0.2919,0.16434,0.42858,0.40346,0.44145,0.5611,0.67721,0.66515,0.29082,0.68199,0.39409,0.43185,0.59192,0.5892,0.43833,0.31258,0.55374,0.67053,0.6671,0.30085,0.66919,0.5763,0.672,0.58121,0.64408,0.07296,0.42152,0.4532,0.6763,0.68296,0.098388,0.59197,0.6958,0.58925,0.65751,0.67436,0.67062,0.56749,0.54018,0.32774,0.099369,0.091981,0.028041,0.67238,0.59273,0.3064,0.65818,0.56702,0.59011,0.60215,0.57621,0.5988,0.5771,0.60257,0.61438,0.57477,0.58874,0.58913,0.58333,0.56897,0.58762,0.5653,0.57369,0.55954,0.58955,0.5673,0.58398,0.57705,0.57617,0.5865,0.59183,0.58831,0.452,0.43708,0.3517,0.38749,0.68002,0.63958,0.67926,0.080452,0.090809,0.17798,0.084644,0.049278,0.060327,0.077068,0.15262,0.67298,0.66156,0.66472,0.671,0.67131,0.30905,0.65229,0.022955,0.66171,0.036545,0.12409,0.39749,0.66992,0.48344,0.099376,0.56542,0.094393,0.68325,0.68588,0.41425,0.68772,0.38824,0.69262,0.68066,0.39555,0.67031,0.51162,0.69677,0.56531,0.38416,0.65772,0.58697,0.58709,0.67627,0.3799,0.54233,0.5701,0.65523,0.097691,0.6695,0.55757
0.06043,0.10301,0.56895,0.1134,0.6429,0.63711,0.55908,0.42006,0,0.52947,0.5761,0.54292,0.64654,0.38316,0.28971,0.38438,0.65433,0.57467,0.37345,0.55292,0.64739,0.56493,0.053041,0.53781,0.52486,0.079239,0.61543,0.38556,0.62936,0.65091,0.54604,0.68489,0.55602,0.43872,0.53069,0.54066,0.61921,0.34246,0.42816,0.64994,0.42391,0.64183,0.63634,0.55471,0.60394,0.59996,0.19746,0.64371,0.37631,0.60395,0.4305,0.41318,0.29856,0.6351,0.54814,0.66175,0.64514,0.071531,0.028964,0.55043,0.60972,0.43231,0.57153,0.2986,0.1322,0.54912,0.64532,0.56305,0.23369,0.56716,0.25585,0.083238,0.64824,0.53633,0.58321,0.55658,0.64579,0.07772,0.65483,0.39078,0.1175,0.56741,0.55286,0.29957,0.37508,0.57233,0.031165,0.65042,0.15722,0.61659,0.56381,0.077924,0.19016,0.12279,0.5644,0.54435,0.56654,0.37448,0.40059,0.1207,0.30427,0.39144,0.047913,0.033979,0.083525,0.62867,0.5594,0.55713,0.13076,0.57045,0.082415,0.093815,0.65332,0.65394,0.053534,0.31861,0.61687,0.56587,0.54742,0.27081,0.56074,0.64139,0.56098,0.65172,0.5471,0.45576,0.062695,0.094275,0.57279,0.56849,0.41332,0.65857,0.60035,0.6559,0.55405,0.57037,0.57116,0.62858,0.59519,0.0934,0.33243,0.46762,0.43184,0.5546,0.6589,0.11496,0.51682,0.60546,0.6463,0.6558,0.63536,0.6616,0.60975,0.6544,0.6643,0.63876,0.65159,0.65196,0.64368,0.64054,0.65274,0.61581,0.63031,0.60912,0.64791,0.63635,0.65449,0.64592,0.64571,0.65516,0.66181,0.63809,0.076714,0.07452,0.076365,0.051614,0.56841,0.52411,0.56456,0.43372,0.35412,0.35519,0.41198,0.39026,0.43268,0.42016,0.2775,0.57021,0.55906,0.56339,0.56742,0.56769,0.11105,0.54035,0.41756,0.56362,0.41026,0.45007,0.070346,0.55639,0.23851,0.44784,0.62533,0.40411,0.58237,0.58947,0.12393,0.58676,0.12855,0.58875,0.58252,0.091424,0.5656,0.46295,0.6168,0.58357,0.19064,0.6051,0.61909,0.60983,0.56167,0.046923,0.61694,0.63374,0.53975,0.32677,0.553,0.63193
0.57792,0.62314,0.85747,0.63236,0.86562,0.86171,0.029743,0.64563,0.52947,0,0.047169,0.015437,0.86918,0.69402,0.36739,0.62863,0.87557,0.045718,0.69573,0.024907,0.86825,0.036898,0.57566,0.0084159,0.016076,0.60399,0.85067,0.65475,0.85606,0.87421,0.018653,0.89011,0.02668,0.68003,0.026545,0.049912,0.84745,0.65268,0.67519,0.86043,0.66183,0.8624,0.86212,0.037855,0.83655,0.83657,0.56892,0.86153,0.6549,0.84831,0.11859,0.68081,0.35907,0.8692,0.019557,0.86319,0.8631,0.48095,0.53502,0.034741,0.84292,0.69056,0.042747,0.36478,0.52131,0.020052,0.8712,0.033661,0.30285,0.038659,0.27642,0.60204,0.86647,0.01182,0.81482,0.027507,0.87348,0.60059,0.87753,0.67368,0.60043,0.038272,0.024218,0.36042,0.66545,0.042935,0.55583,0.87471,0.46185,0.84806,0.035124,0.60171,0.55047,0.60624,0.80003,0.018359,0.03791,0.65781,0.65782,0.52921,0.36757,0.70094,0.57621,0.55602,0.60717,0.86025,0.034134,0.040726,0.54723,0.051225,0.59322,0.61748,0.87537,0.8735,0.57901,0.34449,0.84054,0.03674,0.022047,0.36678,0.031729,0.86852,0.032254,0.86999,0.036643,0.70414,0.57889,0.61628,0.043735,0.043142,0.68752,0.88142,0.080727,0.87381,0.027135,0.041338,0.04336,0.85513,0.80356,0.53608,0.6294,0.70591,0.67258,0.029038,0.8816,0.51707,0.047698,0.8376,0.86539,0.87916,0.86086,0.88126,0.8458,0.87296,0.88369,0.86576,0.87549,0.8749,0.85837,0.86237,0.87579,0.84865,0.85797,0.84199,0.87237,0.86609,0.87557,0.86904,0.87108,0.87471,0.87807,0.85934,0.60097,0.60324,0.55887,0.56264,0.049381,0.0077012,0.044375,0.68383,0.644,0.66868,0.68141,0.61773,0.66503,0.68081,0.60217,0.041313,0.031469,0.035939,0.03845,0.038827,0.53107,0.019855,0.66042,0.037674,0.65939,0.70173,0.5888,0.028845,0.29296,0.71362,0.86514,0.69493,0.068637,0.067538,0.62737,0.073718,0.64186,0.065416,0.056776,0.61012,0.041815,0.13948,0.10834,0.84202,0.66336,0.10632,0.84887,0.84875,0.034493,0.52779,0.8604,0.8496,0.022116,0.60957,0.04056,0.86405
0.62402,0.66943,0.88889,0.67831,0.89237,0.88865,0.017851,0.6791,0.5761,0.047169,0,0.035039,0.89588,0.73026,0.40653,0.66359,0.90208,0.0071394,0.733,0.026786,0.89485,0.013834,0.6225,0.038946,0.05278,0.65032,0.87855,0.69044,0.88325,0.90087,0.033566,0.91522,0.022456,0.71352,0.053242,0.063665,0.87489,0.6904,0.70904,0.88639,0.69552,0.88906,0.88918,0.032695,0.8645,0.8648,0.61089,0.88798,0.69098,0.87685,0.15882,0.71571,0.39787,0.89672,0.030933,0.88844,0.88953,0.52774,0.58123,0.036139,0.87083,0.72432,0.008948,0.40335,0.56565,0.028021,0.8981,0.013949,0.3498,0.0095881,0.32349,0.64824,0.89286,0.041689,0.84311,0.019887,0.90047,0.64679,0.9041,0.70908,0.6454,0.01031,0.024892,0.39908,0.70143,0.006137,0.60259,0.90144,0.50589,0.87572,0.014552,0.64828,0.59298,0.6511,0.82885,0.035024,0.010399,0.69405,0.69295,0.57366,0.40565,0.73703,0.62294,0.60239,0.65348,0.88772,0.025058,0.031576,0.59173,0.028479,0.63902,0.66369,0.90193,0.8999,0.62551,0.38204,0.86777,0.011621,0.034853,0.40702,0.015746,0.89555,0.01698,0.89635,0.045573,0.73722,0.62498,0.6626,0.0037646,0.020066,0.72223,0.90794,0.041384,0.90009,0.025136,0.0060212,0.0091762,0.88233,0.83037,0.58146,0.66705,0.73815,0.70623,0.027261,0.90811,0.56183,0.076216,0.86552,0.89191,0.90578,0.8879,0.90756,0.87388,0.89933,0.90997,0.89282,0.90218,0.90153,0.88467,0.8891,0.90241,0.87642,0.88521,0.86988,0.89916,0.89334,0.90205,0.89576,0.89793,0.90109,0.90416,0.88612,0.64748,0.64979,0.6046,0.60873,0.028494,0.05201,0.027811,0.71727,0.6808,0.70554,0.71607,0.65179,0.69794,0.71499,0.64172,0.0073027,0.0196,0.018015,0.010374,0.0089932,0.57589,0.037545,0.69445,0.018531,0.6937,0.73459,0.63489,0.022407,0.33967,0.74736,0.89313,0.7306,0.039778,0.028596,0.67273,0.043526,0.68756,0.0267,0.015188,0.65615,0.018677,0.16781,0.07199,0.87173,0.70726,0.077866,0.87647,0.87701,0.024794,0.57418,0.8887,0.87612,0.039756,0.64702,0.038319,0.89148
0.59125,0.63708,0.86848,0.64606,0.87604,0.87208,0.017469,0.65234,0.54292,0.015437,0.035039,0,0.87968,0.70348,0.37552,0.63604,0.8861,0.032145,0.70476,0.018611,0.87885,0.023266,0.58925,0.010194,0.028645,0.61768,0.86131,0.66249,0.86659,0.88467,0.006285,0.90039,0.015505,0.68685,0.036542,0.041742,0.85798,0.66155,0.68228,0.87078,0.66877,0.87288,0.8728,0.03683,0.84733,0.8474,0.58032,0.87175,0.66298,0.85881,0.12865,0.68836,0.36691,0.8798,0.0096194,0.87342,0.87331,0.49364,0.54854,0.03582,0.85382,0.69823,0.032432,0.37263,0.53292,0.013298,0.88175,0.021921,0.31546,0.02626,0.29,0.61506,0.87668,0.018547,0.82587,0.015545,0.88392,0.61419,0.88795,0.68226,0.61336,0.025163,0.010226,0.36822,0.67428,0.030486,0.5694,0.88522,0.47298,0.85863,0.025742,0.61552,0.56129,0.61943,0.81112,0.018339,0.025181,0.66599,0.66508,0.54123,0.37519,0.71021,0.58957,0.56934,0.62092,0.87078,0.029415,0.038277,0.5589,0.046863,0.60658,0.63113,0.88586,0.88391,0.59271,0.35178,0.85105,0.023671,0.018356,0.37569,0.021332,0.87902,0.0232,0.88032,0.025183,0.71121,0.59258,0.63014,0.031339,0.036758,0.69564,0.89184,0.072196,0.88418,0.012414,0.02902,0.030205,0.86569,0.81404,0.54828,0.63814,0.71294,0.67943,0.025325,0.89203,0.529,0.060017,0.84852,0.87592,0.88976,0.87143,0.89169,0.85684,0.88354,0.8943,0.87627,0.88598,0.88538,0.8688,0.87273,0.88624,0.85942,0.86859,0.85278,0.88293,0.87657,0.88593,0.87944,0.8815,0.88507,0.88838,0.86999,0.61476,0.61681,0.57151,0.57583,0.045328,0.021355,0.040937,0.69135,0.65259,0.67845,0.68938,0.62511,0.67219,0.68854,0.6119,0.028344,0.017457,0.021182,0.025212,0.026226,0.54312,0.02218,0.66749,0.023708,0.66674,0.7095,0.60209,0.022577,0.30692,0.72125,0.87585,0.70316,0.063157,0.058455,0.64103,0.068201,0.65497,0.057159,0.046159,0.62334,0.034524,0.14355,0.10027,0.85346,0.67667,0.094821,0.85985,0.85995,0.024147,0.54055,0.87096,0.86,0.026391,0.61819,0.041508,0.87448
0.61032,0.62181,0.13046,0.59605,0.011855,0.023923,0.8879,0.58569,0.64654,0.86918,0.89588,0.87968,0,0.43614,0.68143,0.57109,0.012025,0.89801,0.50662,0.88671,0.014957,0.88931,0.6646,0.87454,0.85742,0.6204,0.035822,0.56616,0.020215,0.0065112,0.88545,0.04458,0.88911,0.57874,0.86496,0.88993,0.032501,0.53728,0.5645,0.019135,0.57252,0.0072779,0.015496,0.86906,0.042629,0.047039,0.51938,0.028796,0.54925,0.068584,0.77447,0.55706,0.69081,0.021764,0.88612,0.033761,0.028824,0.68607,0.61772,0.86907,0.040129,0.51077,0.8944,0.68409,0.60548,0.88143,0.0051042,0.89032,0.73821,0.88929,0.73648,0.62364,0.02719,0.87294,0.068233,0.88481,0.017732,0.61169,0.010831,0.48376,0.56049,0.89302,0.88489,0.68942,0.48188,0.89674,0.65623,0.005603,0.63221,0.035216,0.88932,0.64136,0.57584,0.54794,0.084125,0.88007,0.88981,0.54589,0.59011,0.58685,0.68427,0.44579,0.65473,0.62822,0.61999,0.027094,0.88789,0.86718,0.6049,0.87989,0.59158,0.6119,0.0070379,0.0084467,0.63368,0.69646,0.033658,0.89194,0.88844,0.66727,0.88666,0.012168,0.88777,0.014761,0.88739,0.5445,0.60599,0.62175,0.89458,0.89013,0.50021,0.013949,0.88995,0.011679,0.88451,0.89291,0.89126,0.019294,0.065827,0.61824,0.5473,0.52242,0.57963,0.88451,0.01389,0.60662,0.85287,0.045379,0.010082,0.01752,0.011327,0.015227,0.047696,0.01992,0.029748,0.012384,0.0065981,0.0060984,0.014365,0.019861,0.0084221,0.031561,0.016456,0.037715,0.005446,0.02221,0.014865,0.013066,0.01535,0.012676,0.018234,0.018133,0.63521,0.63739,0.61306,0.6134,0.87844,0.8615,0.88002,0.51432,0.53055,0.43554,0.51268,0.54763,0.52976,0.51817,0.53773,0.89324,0.8862,0.89137,0.8925,0.89101,0.60075,0.86478,0.57212,0.88698,0.55585,0.47404,0.60946,0.88366,0.71159,0.51427,0.031438,0.52193,0.87442,0.88733,0.56344,0.8761,0.59061,0.89204,0.89038,0.60719,0.87848,0.77986,0.88069,0.081149,0.49905,0.88305,0.044262,0.058913,0.89979,0.64958,0.052788,0.021194,0.86426,0.55106,0.86721,0.033551
0.34364,0.39151,0.33405,0.35687,0.4268,0.41583,0.71745,0.17296,0.38316,0.69402,0.73026,0.70348,0.43614,0,0.3646,0.15326,0.44771,0.72888,0.071041,0.71754,0.44542,0.71864,0.40691,0.70128,0.68897,0.37297,0.40178,0.13823,0.41597,0.43724,0.70891,0.4779,0.71771,0.16325,0.7014,0.69449,0.40377,0.10625,0.14762,0.44143,0.15724,0.43122,0.4344,0.7117,0.4023,0.39794,0.18851,0.41892,0.12,0.37148,0.57608,0.13168,0.37533,0.41975,0.71196,0.45425,0.41985,0.3962,0.36075,0.71099,0.41542,0.1026,0.72978,0.36752,0.27655,0.71131,0.43505,0.7214,0.48495,0.72126,0.50836,0.33933,0.42308,0.70272,0.40142,0.71434,0.42607,0.36022,0.43917,0.059195,0.283,0.72343,0.71137,0.37358,0.05434,0.72899,0.3974,0.43913,0.30819,0.4011,0.72335,0.39836,0.21829,0.28932,0.38254,0.7108,0.72103,0.11539,0.16374,0.27256,0.36587,0.014429,0.38527,0.35887,0.37692,0.41041,0.72412,0.71009,0.27125,0.72652,0.33039,0.36454,0.44239,0.44058,0.38402,0.3875,0.40494,0.72213,0.71604,0.35789,0.71893,0.42617,0.72107,0.43354,0.70119,0.13946,0.3603,0.38568,0.7276,0.72982,0.081126,0.44265,0.74279,0.44118,0.7099,0.72552,0.7228,0.41746,0.39573,0.30431,0.12283,0.13411,0.16297,0.71934,0.44339,0.28888,0.69503,0.41468,0.441,0.45157,0.42609,0.4498,0.42335,0.453,0.4642,0.42463,0.43895,0.43956,0.43576,0.42079,0.43823,0.41324,0.42296,0.4076,0.4393,0.41702,0.43556,0.42816,0.4268,0.43825,0.44436,0.43838,0.39197,0.38068,0.31382,0.33957,0.72454,0.68708,0.72392,0.10959,0.10279,0.030923,0.092994,0.14356,0.12958,0.10333,0.1371,0.72472,0.71373,0.71791,0.72282,0.72263,0.28446,0.69864,0.1542,0.71477,0.13746,0.092965,0.34103,0.71783,0.49184,0.10882,0.41218,0.092169,0.72756,0.7341,0.33049,0.73155,0.31706,0.73961,0.73063,0.33499,0.718,0.5708,0.74318,0.40669,0.27485,0.71735,0.43438,0.43219,0.72736,0.35592,0.38965,0.42284,0.70024,0.13432,0.71219,0.40732
0.31443,0.38295,0.62181,0.3752,0.67469,0.66685,0.39165,0.29635,0.28971,0.36739,0.40653,0.37552,0.68143,0.3646,0,0.27556,0.69109,0.40325,0.34663,0.39184,0.68537,0.39319,0.33947,0.37504,0.36724,0.35435,0.65253,0.29904,0.66322,0.6851,0.37994,0.71554,0.39095,0.33035,0.38075,0.35749,0.65179,0.2981,0.32591,0.67903,0.31259,0.67488,0.67592,0.39472,0.64369,0.64138,0.24694,0.66849,0.30081,0.63621,0.25368,0.32836,0.012035,0.673,0.38397,0.68739,0.66993,0.23632,0.28921,0.39328,0.65398,0.35003,0.40614,0.0088904,0.20417,0.38595,0.68201,0.39608,0.18521,0.39702,0.21447,0.32487,0.6736,0.37794,0.62879,0.38892,0.67906,0.34564,0.68815,0.33444,0.31337,0.39782,0.38439,0.01149,0.32592,0.40381,0.31946,0.68627,0.14401,0.65074,0.39943,0.36345,0.21085,0.32829,0.60958,0.38563,0.39634,0.3038,0.30083,0.22232,0.015181,0.36828,0.32563,0.29947,0.36014,0.66299,0.40092,0.39394,0.22865,0.41033,0.32612,0.36231,0.68837,0.68644,0.33742,0.032762,0.64811,0.39648,0.38824,0.023075,0.3946,0.67601,0.39691,0.6809,0.36855,0.36021,0.33097,0.37325,0.40325,0.40841,0.34575,0.69224,0.43054,0.68701,0.38276,0.40109,0.39852,0.66334,0.62012,0.23735,0.27371,0.36947,0.32229,0.39584,0.69273,0.21049,0.37895,0.65019,0.68155,0.69508,0.67118,0.69575,0.65933,0.69212,0.7042,0.67352,0.6867,0.68667,0.67479,0.66978,0.68658,0.65675,0.66771,0.64975,0.68487,0.66996,0.68525,0.67748,0.67801,0.68608,0.69128,0.6763,0.36047,0.35202,0.27127,0.29635,0.40825,0.36189,0.40597,0.34431,0.29242,0.34192,0.33756,0.27323,0.32611,0.33764,0.25152,0.39981,0.3876,0.39082,0.3973,0.39794,0.22557,0.37761,0.30981,0.38918,0.31005,0.37208,0.32196,0.3944,0.21631,0.37159,0.66648,0.34564,0.41677,0.41875,0.36646,0.4218,0.35789,0.42318,0.4112,0.33637,0.39886,0.24841,0.43993,0.64699,0.38618,0.40401,0.66699,0.66509,0.39862,0.25915,0.65261,0.66291,0.38014,0.25429,0.39642,0.66391
0.3617,0.42529,0.48051,0.39631,0.56148,0.55057,0.65067,0.036823,0.38438,0.62863,0.66359,0.63604,0.57109,0.15326,0.27556,0,0.58274,0.66091,0.10939,0.65228,0.58014,0.65092,0.4162,0.63575,0.62686,0.39946,0.53836,0.030929,0.5511,0.57246,0.64117,0.61036,0.65104,0.05945,0.64111,0.61894,0.53877,0.076012,0.051864,0.57359,0.041687,0.56546,0.56979,0.6507,0.53775,0.53415,0.20722,0.5521,0.041857,0.50943,0.51227,0.053871,0.2841,0.55686,0.64506,0.58471,0.55311,0.36972,0.37043,0.65033,0.5513,0.087719,0.6642,0.27637,0.25383,0.64588,0.57073,0.65486,0.4327,0.65443,0.46323,0.35467,0.55654,0.63878,0.53523,0.64775,0.56197,0.38691,0.57436,0.096961,0.31598,0.65607,0.64394,0.28207,0.099001,0.66196,0.40389,0.57462,0.26182,0.53678,0.65803,0.42117,0.19431,0.33128,0.51609,0.64645,0.65399,0.047752,0.035225,0.26474,0.27268,0.14656,0.39295,0.36744,0.40516,0.54659,0.66047,0.64873,0.25535,0.66555,0.35765,0.39564,0.57748,0.57503,0.40214,0.29451,0.53873,0.65483,0.65024,0.27785,0.6531,0.56188,0.65575,0.56744,0.62882,0.088509,0.38502,0.41692,0.66072,0.66651,0.089963,0.578,0.68074,0.57527,0.64174,0.65872,0.65528,0.55255,0.52429,0.29233,0.064555,0.10613,0.051634,0.65558,0.57874,0.27106,0.6391,0.55005,0.5752,0.5872,0.56127,0.58463,0.5598,0.58749,0.59933,0.56022,0.57437,0.57477,0.5687,0.55504,0.57344,0.54934,0.55846,0.54338,0.57478,0.55306,0.57024,0.56302,0.56216,0.57264,0.57821,0.57279,0.41581,0.40111,0.31583,0.3513,0.66356,0.62247,0.6626,0.082958,0.060209,0.1532,0.077043,0.032396,0.06766,0.074087,0.11605,0.65744,0.64589,0.64925,0.65538,0.65566,0.27333,0.63552,0.036732,0.64639,0.036275,0.12459,0.36127,0.65341,0.45444,0.10411,0.55025,0.083802,0.66749,0.67069,0.37782,0.67199,0.35258,0.67697,0.6654,0.35953,0.65434,0.49701,0.68269,0.54646,0.34875,0.64578,0.56985,0.56913,0.65999,0.34483,0.52801,0.55551,0.63819,0.060962,0.65247,0.54361
0.61831,0.62889,0.13983,0.60348,0.023452,0.035642,0.8942,0.59748,0.65433,0.87557,0.90208,0.8861,0.012025,0.44771,0.69109,0.58274,0,0.90429,0.51817,0.89294,0.00941,0.89564,0.67209,0.88089,0.86368,0.62787,0.046589,0.57784,0.031821,0.013919,0.89186,0.035413,0.89541,0.59063,0.87105,0.89681,0.04409,0.54871,0.57636,0.020899,0.58436,0.017851,0.018224,0.8751,0.051072,0.055592,0.52926,0.039169,0.5609,0.080051,0.78166,0.56887,0.70044,0.031405,0.89247,0.031125,0.038994,0.69435,0.62553,0.8751,0.045278,0.52268,0.90055,0.69378,0.61489,0.8877,0.01341,0.89658,0.74599,0.89556,0.74376,0.63188,0.036825,0.8792,0.073276,0.89112,0.027552,0.61931,0.015824,0.49548,0.56899,0.8993,0.89126,0.69907,0.49351,0.90297,0.66382,0.010576,0.64161,0.046623,0.8955,0.64862,0.5859,0.55615,0.090698,0.8863,0.89609,0.55753,0.60185,0.59605,0.69401,0.45743,0.66253,0.63619,0.62738,0.038592,0.89399,0.87324,0.61434,0.88582,0.59955,0.61941,0.0079598,0.01274,0.64116,0.70604,0.044552,0.89823,0.89471,0.67678,0.8929,0.023312,0.89396,0.02288,0.89407,0.55646,0.61355,0.62896,0.90081,0.89617,0.51204,0.015945,0.89582,0.015394,0.89093,0.89915,0.89755,0.030373,0.073546,0.62723,0.55868,0.53441,0.59149,0.89064,0.015233,0.61581,0.8588,0.049994,0.01022,0.006664,0.021752,0.010102,0.049759,0.0097893,0.017782,0.023914,0.011979,0.01119,0.019361,0.031304,0.014514,0.039295,0.025676,0.045723,0.0088596,0.0335,0.021851,0.023805,0.025776,0.018503,0.020057,0.018224,0.64251,0.64497,0.62173,0.62154,0.88439,0.86789,0.88599,0.52622,0.54207,0.44691,0.52451,0.55927,0.54163,0.53003,0.54865,0.89951,0.89257,0.89775,0.89879,0.89728,0.6099,0.87102,0.58394,0.89336,0.56765,0.486,0.61747,0.88983,0.71875,0.52621,0.040361,0.53371,0.88028,0.89332,0.57098,0.88191,0.5988,0.89797,0.8965,0.61527,0.8846,0.78749,0.88646,0.084184,0.50698,0.88956,0.043776,0.058434,0.90606,0.658,0.06364,0.030508,0.87043,0.56239,0.87318,0.044883
0.62269,0.66848,0.89011,0.67732,0.89443,0.89062,0.016184,0.67627,0.57467,0.045718,0.0071394,0.032145,0.89801,0.72888,0.40325,0.66091,0.90429,0,0.73096,0.026843,0.89708,0.01043,0.62109,0.037699,0.053368,0.64918,0.88047,0.6878,0.88527,0.90298,0.030351,0.91761,0.020762,0.71077,0.055142,0.057327,0.87684,0.6881,0.70641,0.88861,0.69282,0.89118,0.89135,0.037326,0.86651,0.86676,0.60937,0.88997,0.68851,0.87848,0.15699,0.71315,0.39446,0.8987,0.028626,0.89076,0.89151,0.52564,0.58,0.040285,0.87293,0.7222,0.013292,0.40001,0.56355,0.027587,0.90022,0.013285,0.34757,0.0091829,0.32193,0.64664,0.89486,0.041686,0.84522,0.018455,0.90247,0.64563,0.9062,0.70723,0.64414,0.0075501,0.021981,0.39569,0.69962,0.0060808,0.6012,0.90357,0.5035,0.87764,0.016792,0.64714,0.59082,0.65008,0.83085,0.03525,0.008986,0.69162,0.69007,0.57185,0.40228,0.73554,0.6214,0.60095,0.6524,0.88966,0.027936,0.036276,0.58963,0.035086,0.63782,0.66256,0.90409,0.90205,0.62431,0.37858,0.86977,0.0090513,0.033752,0.40405,0.016372,0.89759,0.018505,0.89844,0.039623,0.7348,0.62393,0.66159,0.0055813,0.025243,0.72021,0.91005,0.047369,0.90224,0.021354,0.0067384,0.0072529,0.88437,0.83245,0.57949,0.66466,0.73594,0.70346,0.029343,0.91024,0.55985,0.078772,0.86764,0.89411,0.90801,0.88999,0.90975,0.87605,0.9016,0.91229,0.89486,0.9043,0.90366,0.88685,0.89112,0.90452,0.87847,0.88729,0.8719,0.90131,0.8953,0.90413,0.89781,0.89996,0.9032,0.90631,0.88834,0.64635,0.64848,0.60286,0.6073,0.034911,0.050965,0.033607,0.71512,0.67854,0.70423,0.71393,0.64935,0.69566,0.7128,0.63957,0.00529,0.016134,0.012819,0.0073677,0.0080131,0.57398,0.038785,0.69175,0.014571,0.69115,0.73282,0.63354,0.024308,0.33854,0.74521,0.89506,0.72837,0.046327,0.034492,0.6719,0.050196,0.6862,0.033579,0.020739,0.65476,0.023651,0.16495,0.07696,0.87375,0.70663,0.07716,0.87872,0.87924,0.0226,0.5723,0.89044,0.87823,0.041725,0.6446,0.0432,0.89336
0.33551,0.38763,0.40155,0.35366,0.49731,0.48631,0.71952,0.12985,0.37345,0.69573,0.733,0.70476,0.50662,0.071041,0.34663,0.10939,0.51817,0.73096,0,0.71978,0.51592,0.72069,0.39565,0.70317,0.69219,0.36666,0.4721,0.084842,0.48647,0.50766,0.70994,0.54858,0.71953,0.11773,0.70511,0.69217,0.4743,0.052058,0.10388,0.5122,0.11392,0.5018,0.50482,0.71653,0.47269,0.46822,0.18504,0.48951,0.068101,0.44152,0.5773,0.081174,0.35708,0.48993,0.71337,0.52513,0.49042,0.37914,0.35483,0.71564,0.48566,0.081998,0.73267,0.34955,0.25816,0.71356,0.50544,0.72366,0.47539,0.72376,0.50385,0.32566,0.49361,0.70513,0.47153,0.7165,0.49637,0.35412,0.50958,0.051649,0.27859,0.72554,0.713,0.35536,0.047839,0.73131,0.38706,0.50953,0.2898,0.47155,0.72612,0.39108,0.19658,0.28973,0.45254,0.71317,0.72339,0.062251,0.10873,0.25978,0.34752,0.062161,0.37245,0.34902,0.37136,0.48074,0.72724,0.71507,0.25076,0.73171,0.32493,0.35871,0.51284,0.51109,0.37674,0.37072,0.47561,0.72422,0.71761,0.34266,0.72151,0.49654,0.72376,0.5041,0.70059,0.10674,0.35638,0.38097,0.73013,0.73351,0.060291,0.51301,0.74892,0.51172,0.71139,0.72802,0.72522,0.48795,0.46661,0.28703,0.07598,0.11687,0.11684,0.72232,0.51376,0.27297,0.69993,0.48491,0.51158,0.52193,0.49656,0.52025,0.49333,0.52352,0.53462,0.49503,0.50935,0.50999,0.50648,0.49133,0.50864,0.48356,0.49339,0.47795,0.5097,0.48735,0.50601,0.49862,0.49719,0.50874,0.51489,0.5089,0.38519,0.37114,0.29954,0.3302,0.72969,0.68917,0.72861,0.089722,0.058218,0.080436,0.064229,0.11487,0.10697,0.075583,0.10824,0.72703,0.71555,0.71942,0.72494,0.72501,0.26913,0.7021,0.109,0.71666,0.095306,0.10194,0.33236,0.72076,0.49008,0.085713,0.48221,0.044061,0.73412,0.73927,0.33212,0.73845,0.30797,0.7447,0.73459,0.32522,0.7221,0.5704,0.75132,0.47556,0.28605,0.72095,0.50451,0.50187,0.72866,0.33992,0.4596,0.4936,0.70404,0.094403,0.71742,0.47758
0.60166,0.6461,0.87744,0.65572,0.88329,0.87956,0.012869,0.66891,0.55292,0.024907,0.026786,0.018611,0.88671,0.71754,0.39184,0.65228,0.89294,0.026843,0.71978,0,0.8856,0.022406,0.59874,0.016862,0.031472,0.62729,0.86882,0.67858,0.8739,0.89177,0.015885,0.90684,0.0081509,0.70332,0.030068,0.058015,0.86546,0.67689,0.69856,0.87764,0.68516,0.87995,0.87969,0.0271,0.85458,0.85472,0.59339,0.87923,0.67879,0.86705,0.14286,0.70444,0.38342,0.88717,0.01055,0.88007,0.88079,0.50476,0.55857,0.025065,0.86079,0.7138,0.02006,0.38911,0.54607,0.00689,0.88881,0.013955,0.32643,0.021545,0.29931,0.62599,0.88414,0.01701,0.83275,0.013217,0.89129,0.62403,0.89508,0.69723,0.62453,0.019945,0.014922,0.38475,0.68912,0.022047,0.57903,0.89226,0.4867,0.86616,0.012995,0.62472,0.57528,0.63011,0.81824,0.0090573,0.020958,0.68174,0.68154,0.55382,0.3918,0.72449,0.59966,0.57971,0.63039,0.87828,0.011446,0.030902,0.57196,0.033538,0.61697,0.64086,0.89284,0.89095,0.60222,0.36858,0.85842,0.018822,0.0093846,0.39144,0.012646,0.88628,0.010465,0.88752,0.040821,0.72728,0.60226,0.63935,0.023907,0.020482,0.71097,0.89894,0.062312,0.89123,0.020355,0.021949,0.027191,0.87294,0.82118,0.56061,0.65361,0.72877,0.69591,0.0080577,0.89911,0.54173,0.053801,0.85543,0.88277,0.89653,0.87855,0.89861,0.86361,0.89019,0.90082,0.88352,0.89304,0.89243,0.87572,0.8801,0.89335,0.86658,0.87572,0.85997,0.88991,0.88402,0.89314,0.88671,0.88882,0.89221,0.89545,0.87676,0.62405,0.62659,0.58316,0.58651,0.032323,0.031056,0.026551,0.70699,0.66801,0.69229,0.70489,0.64111,0.68808,0.70418,0.62666,0.022983,0.020472,0.023238,0.020754,0.020838,0.55569,0.022299,0.68384,0.02701,0.68287,0.72461,0.61257,0.0082772,0.31577,0.73687,0.88329,0.71868,0.05352,0.049796,0.6508,0.057917,0.66583,0.045029,0.038466,0.63397,0.026541,0.16043,0.093361,0.8604,0.68693,0.099266,0.86642,0.86648,0.013765,0.55185,0.87893,0.86713,0.022902,0.63374,0.03057,0.88215
0.61175,0.62211,0.13977,0.59699,0.026325,0.038097,0.88694,0.59533,0.64739,0.86825,0.89485,0.87885,0.014957,0.44542,0.68537,0.58014,0.00941,0.89708,0.51592,0.8856,0,0.88844,0.66522,0.87357,0.8563,0.62119,0.044974,0.57545,0.031114,0.019861,0.88458,0.039865,0.88812,0.58894,0.86358,0.88977,0.042687,0.54583,0.57457,0.020653,0.5824,0.018125,0.012255,0.86775,0.045701,0.050592,0.52398,0.042564,0.55842,0.080625,0.77457,0.56697,0.69472,0.033253,0.88517,0.031777,0.042736,0.68753,0.61862,0.86771,0.038337,0.52113,0.89327,0.68811,0.60904,0.88039,0.016321,0.88932,0.73864,0.88834,0.73613,0.62566,0.04125,0.87183,0.065213,0.88386,0.032327,0.61269,0.023089,0.49329,0.56291,0.89208,0.88401,0.69337,0.49105,0.89573,0.65689,0.016378,0.63557,0.045214,0.88821,0.64178,0.58074,0.54992,0.083261,0.87893,0.88887,0.55505,0.59959,0.59005,0.68842,0.45535,0.65585,0.6295,0.62066,0.039522,0.88661,0.86594,0.60863,0.87848,0.59308,0.61285,0.015187,0.019108,0.63431,0.70035,0.041681,0.891,0.88734,0.67088,0.88562,0.026179,0.88666,0.027959,0.88696,0.55522,0.60674,0.62221,0.89358,0.88882,0.51025,0.024287,0.88862,0.021857,0.88372,0.89192,0.89036,0.028735,0.067604,0.62112,0.55553,0.53337,0.58968,0.88327,0.023715,0.60976,0.85119,0.042399,0.0073724,0.01094,0.02041,0.019211,0.042082,0.0077782,0.019418,0.025684,0.018361,0.017648,0.017616,0.033983,0.021171,0.034407,0.022848,0.040399,0.012396,0.036016,0.028399,0.027963,0.030265,0.025081,0.027504,0.0096572,0.63569,0.63833,0.61552,0.61499,0.87704,0.86058,0.87862,0.52463,0.53927,0.444,0.52265,0.55665,0.53986,0.52826,0.54468,0.8923,0.88537,0.89056,0.89157,0.89005,0.60388,0.8637,0.58191,0.8862,0.56557,0.48477,0.61101,0.88251,0.71105,0.52502,0.040376,0.53184,0.87302,0.88613,0.56451,0.87465,0.59286,0.8907,0.88931,0.609,0.87734,0.78089,0.87941,0.077993,0.50107,0.88286,0.03516,0.050654,0.89874,0.65147,0.064968,0.028486,0.86308,0.55905,0.86579,0.047401
